0.80022073991142 0.5516070801675402 0.5516070801675402
0.9568653538317098 0.4903792689646871 0.4903792689646871
1.222436797584936 0.46764844402123684 0.46764844402123684
0.7759273519180014 0.5909053516715972 0.5909053516715972
0.817638736436356 0.607475852269945 0.607475852269945
1.1664085074116575 0.5097863232778788 0.5097863232778788
0.873281885798825 0.5906570172561042 0.5906570172561042
1.142009222723897 0.4928741191967394 0.4928741191967394
0.7939806629524582 0.5529740601870952 0.5529740601870952
1.0488903778281304 0.6063148219290848 0.6063148219290848
1.0274964945505027 0.4950106026479391 0.4950106026479391
0.9653061838667367 0.5285252253014705 0.5285252253014705
1.0073303829660865 0.5707775544130187 0.5707775544130187
1.0623192988094132 0.5461230831725585 0.5461230831725585
0.9731420839745236 0.5504957778604459 0.5504957778604459
1.0026783982960414 0.5572947737407159 0.5572947737407159
1.0485572807336223 0.5389101039238615 0.5389101039238615
1.2371383059021968 0.5432821967445757 0.5432821967445757
0.9352834199738581 0.550257462121719 0.550257462121719
1.1990416767804 0.5594223710526053 0.5594223710526053
1.1304529489786204 0.5436234314232131 0.5436234314232131
1.1652908782583289 0.5163021931706545 0.5163021931706545
1.1053276453583112 0.4677397798562143 0.4677397798562143
1.3996306439261805 0.5215287089734798 0.5215287089734798
1.1320074556986506 0.5608886173075448 0.5608886173075448
1.2080366530820281 0.540749595484735 0.540749595484735
0.8687909651629668 0.5102365226368479 0.5102365226368479
0.90671830400806 0.5429149390624257 0.5429149390624257
0.8295386462907072 0.5590376825546753 0.5590376825546753
1.108506549584825 0.5672356725298892 0.5672356725298892
1.1226911715808403 0.48875128504276166 0.48875128504276166
0.8649278634991733 0.6081846511101048 0.6081846511101048
1.330213508910949 0.5229721928065136 0.5229721928065136
1.0908239097215238 0.5382520502654121 0.5382520502654121
0.9028975835149797 0.5365868910825589 0.5365868910825589
1.0775266301906428 0.5782886384315489 0.5782886384315489
1.3470172205345747 0.5593910359961791 0.5593910359961791
1.0598760041302224 0.515122067372289 0.515122067372289
0.8456411407838913 0.5686524500495218 0.5686524500495218
0.9749392768762487 0.5268978135170929 0.5268978135170929
0.8544051152896487 0.524822725002747 0.524822725002747
1.0071997879667074 0.650762347360348 0.650762347360348
1.0300632666745415 0.5122814142709411 0.5122814142709411
1.1860330152440701 0.5266155995662435 0.5266155995662435
0.8708289253504289 0.5195191782426041 0.5195191782426041
1.108064812004487 0.5278660438241722 0.5278660438241722
1.2270142096200938 0.5334369386447414 0.5334369386447414
1.033974078150691 0.5442563982555099 0.5442563982555099
0.940919297416163 0.5834022265523532 0.5834022265523532
1.0471695732346165 0.5426645436622214 0.5426645436622214
0.9180942329692285 0.5716636793546026 0.5716636793546026
1.0068088732554623 0.5856975991824542 0.5856975991824542
1.2815251787583464 0.4730863610686235 0.4730863610686235
1.2011212083113727 0.5072319754432701 0.5072319754432701
1.337233537016947 0.5578258973508876 0.5578258973508876
1.0062773556964961 0.5365675384963978 0.5365675384963978
1.142498249865879 0.5202436639020308 0.5202436639020308
1.0912098572908364 0.4993205668253258 0.4993205668253258
0.912116250177549 0.6001649587442526 0.6001649587442526
1.276201639681847 0.5079258773600094 0.5079258773600094
0.9928629132857316 0.5396219874978334 0.5396219874978334
1.2064680280444762 0.45979362670802704 0.45979362670802704
1.1001979782871392 0.5476912938814742 0.5476912938814742
1.0672266586383836 0.4912747762205596 0.4912747762205596
1.0558035791164058 0.5442859287266164 0.5442859287266164
0.9954438366791974 0.513252477606842 0.513252477606842
0.9831310579989228 0.48962025131803183 0.48962025131803183
1.039300714006807 0.4817728463597295 0.4817728463597295
1.183261294685893 0.5498013928560711 0.5498013928560711
1.160563944780634 0.6166079931879246 0.6166079931879246
1.0685542171659401 0.49685934138486054 0.49685934138486054
1.0568986813837542 0.5012313111205461 0.5012313111205461
1.1059459945956305 0.5059545981279184 0.5059545981279184
0.9621436971033543 0.5849413110116306 0.5849413110116306
1.1461880099892476 0.46095757627676026 0.46095757627676026
0.7028420950590462 0.6080373673286401 0.6080373673286401
1.1883890650204483 0.5105604744425098 0.5105604744425098
0.9148753664758474 0.5292762790677151 0.5292762790677151
1.3673499951574994 0.5379958486831077 0.5379958486831077
1.210664046777528 0.5664369014693443 0.5664369014693443
1.2060884873745539 0.5326159121761581 0.5326159121761581
0.9316938574475476 0.5742395178226977 0.5742395178226977
1.0955471003708013 0.540563565135746 0.540563565135746
1.3058391649618404 0.539435852275524 0.539435852275524
0.9048126345383662 0.5832483696097328 0.5832483696097328
0.9379445768179775 0.5070981741921183 0.5070981741921183
0.7935519761193424 0.5977413292384592 0.5977413292384592
0.9962750794531354 0.47808947685376096 0.47808947685376096
0.9391628608353919 0.5411198449351502 0.5411198449351502
1.1872163495181285 0.6073257829202925 0.6073257829202925
1.0800868587642007 0.5801240544823896 0.5801240544823896
1.181283862518262 0.522483395028029 0.522483395028029
1.0466666628350394 0.5480764266896223 0.5480764266896223
0.932634999002868 0.5688066131422918 0.5688066131422918
1.161752654693047 0.5342917462946206 0.5342917462946206
0.9640302603891406 0.5351187138250659 0.5351187138250659
1.0262483506309985 0.5808897426614783 0.5808897426614783
1.0965467437460945 0.5436532796671852 0.5436532796671852
0.8199579656132802 0.6336116462067763 0.6336116462067763
1.0501539613652375 0.5604094976011776 0.5604094976011776
1.2741138779475765 0.5244972009403501 0.5244972009403501
1.0845801738430985 0.5256420490349963 0.5256420490349963
0.883241122016105 0.5518394610662561 0.5518394610662561
0.8861898882010406 0.5335726822050302 0.5335726822050302
1.129997014998632 0.5233133026284537 0.5233133026284537
1.0289278149747212 0.5547622458673958 0.5547622458673958
1.0918463639793539 0.5377076280726771 0.5377076280726771
1.1419718288955614 0.5265286635117328 0.5265286635117328
0.9946821585587244 0.5502638124450916 0.5502638124450916
0.9167184632764822 0.5325045055128883 0.5325045055128883
1.0599669968886318 0.5706203194607196 0.5706203194607196
1.0660598905328147 0.5324963391490031 0.5324963391490031
1.0865000511826826 0.49035907080715047 0.49035907080715047
0.9342081968239493 0.4842731634130369 0.4842731634130369
0.8000437658861326 0.6354405234857137 0.6354405234857137
1.0916185798852989 0.5396605573492321 0.5396605573492321
0.9815095663745511 0.5272554213325743 0.5272554213325743
0.8551959036288349 0.5758644390365731 0.5758644390365731
1.314338806734039 0.4771833340080528 0.4771833340080528
0.9222498834804346 0.4901296242973828 0.4901296242973828
1.0850145288644484 0.472529405906838 0.472529405906838
1.1300604614563978 0.45623705584924135 0.45623705584924135
1.0060796651823996 0.5384599214798403 0.5384599214798403
0.882777852292364 0.5580024885456273 0.5580024885456273
0.9200352759737851 0.5515445448147924 0.5515445448147924
0.9180797501908724 0.5597623217941818 0.5597623217941818
0.9066289253361463 0.5267151509822906 0.5267151509822906
0.8525230040278023 0.5464337958707995 0.5464337958707995
1.051942475459044 0.5886913306102496 0.5886913306102496
0.7685164463348084 0.5876714462170847 0.5876714462170847
1.193355539325696 0.5425094194852581 0.5425094194852581
1.1697162152038165 0.507923280380139 0.507923280380139
1.133727683341192 0.5352429918147273 0.5352429918147273
0.9328159865155647 0.5477394761608689 0.5477394761608689
1.0337136275266916 0.46640371113601875 0.46640371113601875
0.795112223524825 0.5062984257439104 0.5062984257439104
0.9284012329966177 0.49558777860065983 0.49558777860065983
0.7308820434749528 0.5063931942185149 0.5063931942185149
1.0351832201398157 0.5111445044654997 0.5111445044654997
1.0973358295937032 0.5430158196781887 0.5430158196781887
0.834137065242082 0.5814797506913759 0.5814797506913759
1.2555161146533 0.5160686477276486 0.5160686477276486
1.2605387240925219 0.5358110159200727 0.5358110159200727
0.8745495898089364 0.5340203278381239 0.5340203278381239
0.9762989134671026 0.5659402592267152 0.5659402592267152
0.9081174265219185 0.5181877877783114 0.5181877877783114
0.9758480296381873 0.5560927878412509 0.5560927878412509
1.0274655176162495 0.5705574945714724 0.5705574945714724
1.0475598778557198 0.5412663284921914 0.5412663284921914
1.1068543014226677 0.590848264220512 0.590848264220512
1.0400071702074487 0.5091862260225314 0.5091862260225314
1.0430881887529924 0.4617943777693504 0.4617943777693504
0.9561570622433487 0.5595522086373012 0.5595522086373012
1.359191511823624 0.4842296045852632 0.4842296045852632
0.9452284135704295 0.5751682767940055 0.5751682767940055
1.1551044419966439 0.49857388021631177 0.49857388021631177
0.9209733210594917 0.6232611567539299 0.6232611567539299
1.1935358099262423 0.5101382783035168 0.5101382783035168
1.1563966360092692 0.5596314771848402 0.5596314771848402
1.284920983700189 0.5146405642710075 0.5146405642710075
1.3495905803456618 0.46256605116942007 0.46256605116942007
1.0062434970067446 0.5426311366826903 0.5426311366826903
0.9060657291857791 0.5393653452300596 0.5393653452300596
0.9406912323865034 0.5626229556370778 0.5626229556370778
1.0091988127728766 0.512072487991342 0.512072487991342
0.8631358779805117 0.563396346231264 0.563396346231264
1.0332543937792438 0.4830587177691893 0.4830587177691893
0.8237666062236357 0.5578393889314128 0.5578393889314128
1.1734092162684213 0.5550698793544732 0.5550698793544732
0.988054000239122 0.5504481946629167 0.5504481946629167
1.1001504370047313 0.5565277000290672 0.5565277000290672
0.7064978139670182 0.5851791989390633 0.5851791989390633
1.035035937663947 0.5448632461308198 0.5448632461308198
0.9885681649960465 0.5197632512038446 0.5197632512038446
0.926019126438912 0.5079002586262708 0.5079002586262708
0.8462398390612792 0.580567968202559 0.580567968202559
1.167608868471869 0.5705752670971034 0.5705752670971034
0.7987168703263848 0.5078174164904331 0.5078174164904331
1.1469640147989553 0.4993016642893204 0.4993016642893204
1.2145298547630208 0.4668273362996214 0.4668273362996214
1.1998527212804213 0.5820029096898025 0.5820029096898025
1.0529448129837613 0.491516665675713 0.491516665675713
1.2764080041964951 0.5658666553753404 0.5658666553753404
1.0393118080344015 0.5488921453690747 0.5488921453690747
1.068652263476909 0.558458475746423 0.558458475746423
1.1679952479787976 0.5357603527267385 0.5357603527267385
1.0785746313595719 0.5666740145295341 0.5666740145295341
0.9344740297498523 0.5505202566958819 0.5505202566958819
0.8863373638828373 0.5089886890654751 0.5089886890654751
1.045601308376847 0.5475899166835221 0.5475899166835221
1.0251606838287608 0.5557162552151738 0.5557162552151738
0.7723307147949463 0.5429146750923357 0.5429146750923357
0.9794514259404675 0.5052686284821105 0.5052686284821105
1.0381845089279857 0.5800409612045733 0.5800409612045733
0.9789492235411565 0.57779151132892 0.57779151132892
0.8696701476980337 0.5391851860045322 0.5391851860045322
0.5789078245813053 0.5782642886916898 0.5782642886916898
0.9242006541670083 0.5385398557934795 0.5385398557934795
1.017190975248741 0.46883351050103556 0.46883351050103556
0.9978635584003419 0.5697484511836721 0.5697484511836721
0.8597423627868297 0.5862889192979244 0.5862889192979244
0.9403847266626129 0.5364907152399299 0.5364907152399299
0.9718519217688817 0.49653261314522346 0.49653261314522346
1.1316678745061592 0.5312065318697899 0.5312065318697899
0.9894479257443978 0.5419349433460312 0.5419349433460312
1.0561730255136008 0.5098319199652229 0.5098319199652229
1.0214107347583663 0.5607924239621433 0.5607924239621433
1.058289647252876 0.6100394996467395 0.6100394996467395
1.1828539146467145 0.5110217872641373 0.5110217872641373
1.075057816838373 0.5467714600480555 0.5467714600480555
1.2798204420232757 0.5466654770516914 0.5466654770516914
1.333830447090947 0.4862491870955799 0.4862491870955799
1.169048907413008 0.5027899828523262 0.5027899828523262
0.9227964092909131 0.48364863819607434 0.48364863819607434
1.2418747811107465 0.527574428126344 0.527574428126344
0.7469118783469455 0.5828064872512957 0.5828064872512957
0.8345837688608098 0.6355297998579039 0.6355297998579039
1.178746750416833 0.5957141273336344 0.5957141273336344
0.9720299168423119 0.6377610707084367 0.6377610707084367
0.8567776695337065 0.5702077592773124 0.5702077592773124
0.8042126277998083 0.5927044553316292 0.5927044553316292
1.0850314362734537 0.5070315460185015 0.5070315460185015
0.8985903180269582 0.51973695299632 0.51973695299632
0.8740944079075962 0.5808963574138634 0.5808963574138634
1.1643787505530763 0.5050176524028919 0.5050176524028919
1.1229986041652062 0.5060663710523466 0.5060663710523466
1.1730209585778764 0.504958114489252 0.504958114489252
1.0444145841759305 0.5957917232212732 0.5957917232212732
1.028261248292023 0.46335414910870254 0.46335414910870254
1.0232350806299984 0.5506743781487625 0.5506743781487625
1.0861297011418019 0.537119741634642 0.537119741634642
1.0683548943062138 0.5318485226039232 0.5318485226039232
0.9817967789470543 0.566222572932348 0.566222572932348
1.1562224642690162 0.5391848530229294 0.5391848530229294
0.9942585511015403 0.609323974102034 0.609323974102034
0.9702033941686481 0.5492538259293631 0.5492538259293631
1.214996120101764 0.511680081135373 0.511680081135373
1.005625227293165 0.5855961507715758 0.5855961507715758
0.8667509329041132 0.5435231492628181 0.5435231492628181
1.125909502557441 0.5588206414402361 0.5588206414402361
1.072603771048372 0.5773205196269373 0.5773205196269373
0.8146090703407205 0.5022724621600652 0.5022724621600652
1.154017082903902 0.5172410926851111 0.5172410926851111
1.066980644832144 0.5591274923836227 0.5591274923836227
1.0900836194043517 0.568801182313812 0.568801182313812
1.0942107940478598 0.5373500937640578 0.5373500937640578
1.1041012279973692 0.5812523259310762 0.5812523259310762
1.0406152325806675 0.512484788254785 0.512484788254785
1.1074497833372983 0.5269160738573602 0.5269160738573602
1.0400777471729765 0.567442136540383 0.567442136540383
1.1544769292604997 0.5746396051974021 0.5746396051974021
0.9620387395641241 0.5910547622669855 0.5910547622669855
1.250843801859938 0.48954684065286697 0.48954684065286697
1.1725402374330587 0.5309893117067873 0.5309893117067873
1.0824966635550992 0.5314061037209292 0.5314061037209292
0.9793257542947094 0.4077719122406928 0.4077719122406928
1.1063362670297237 0.5096951926996223 0.5096951926996223
0.9988224785123122 0.4905962105386935 0.4905962105386935
0.9474352806004371 0.5424015445441495 0.5424015445441495
1.1486781431793278 0.5183610496817308 0.5183610496817308
0.9561932442873854 0.6039169289929552 0.6039169289929552
0.8534959329163659 0.5321789244756522 0.5321789244756522
0.9656184447805034 0.5747053038059178 0.5747053038059178
1.091181698224259 0.5569524749413771 0.5569524749413771
0.8896572139912987 0.5057584588493506 0.5057584588493506
0.9779085802222025 0.5179122660630722 0.5179122660630722
1.0661242756391007 0.5370159150642756 0.5370159150642756
0.9045509218605636 0.5764629313407759 0.5764629313407759
0.8192171351004143 0.5598991320740301 0.5598991320740301
1.0927861921146134 0.5418962651756825 0.5418962651756825
0.9140968698306635 0.5304609877245343 0.5304609877245343
1.292931474262873 0.5971171585370498 0.5971171585370498
1.154812672605288 0.5008289810188872 0.5008289810188872
0.9602117036933574 0.5526284178523634 0.5526284178523634
1.0986612741412745 0.56042763394638 0.56042763394638
0.9439067260160026 0.5367231512409845 0.5367231512409845
1.0881423942468706 0.5545854971757571 0.5545854971757571
1.1227368486243066 0.5084801281119721 0.5084801281119721
0.9830868676765936 0.48956235717506685 0.48956235717506685
1.3432075445853644 0.48672581078557353 0.48672581078557353
0.9630429890764092 0.5531758975651169 0.5531758975651169
0.9678843012690108 0.5186237633893087 0.5186237633893087
1.1778571922511816 0.5301209675646456 0.5301209675646456
0.9561330148956788 0.4889895589405397 0.4889895589405397
1.0253120600683943 0.5395041694138334 0.5395041694138334
1.0528177308900597 0.5780826551616054 0.5780826551616054
0.9487533207623695 0.5645659819354167 0.5645659819354167
0.9696470955214664 0.638052890456325 0.638052890456325
1.0711889830747343 0.4827649346034034 0.4827649346034034
1.229389897045738 0.5339967898347852 0.5339967898347852
1.03093666180464 0.5342696524139409 0.5342696524139409
1.1974472325719605 0.5528026203037644 0.5528026203037644
1.0470164288385737 0.5907579727567093 0.5907579727567093
1.1061504377603024 0.5324941634068869 0.5324941634068869
1.0521468373773404 0.5211198445160994 0.5211198445160994
1.0538302200194087 0.5488215438531943 0.5488215438531943
1.1318403198042852 0.5160050926795199 0.5160050926795199
1.1776065677603489 0.561806811831766 0.561806811831766
0.8353959237711057 0.4657199515877331 0.4657199515877331
1.0292490053438148 0.6238402649101336 0.6238402649101336
0.779119811874497 0.6173936430167241 0.6173936430167241
1.0522721504981036 0.5564555184954509 0.5564555184954509
1.2311425717507212 0.5296527409938638 0.5296527409938638
0.7785498906002075 0.5976318700252985 0.5976318700252985
1.0411728035586014 0.5406542093373773 0.5406542093373773
0.6936415861979605 0.607297170595081 0.607297170595081
0.8670325900343555 0.5016474276030612 0.5016474276030612
1.0075873156300794 0.5076138172641514 0.5076138172641514
1.1282832280320751 0.5633727397145581 0.5633727397145581
0.9766142820620082 0.5272171951075205 0.5272171951075205
0.9119719093059966 0.5537414838461832 0.5537414838461832
1.0255172255968361 0.5725781719859045 0.5725781719859045
0.9622916078877801 0.6245464835758752 0.6245464835758752
1.043266775085556 0.5287398372268668 0.5287398372268668
1.0752138413462224 0.47934911406506253 0.47934911406506253
0.8198809195356915 0.5756203933933324 0.5756203933933324
1.0138155162878606 0.5074749578590088 0.5074749578590088
1.09999788245081 0.480255755978448 0.480255755978448
1.2976113560257212 0.5200848078474898 0.5200848078474898
1.2715317120994452 0.5749171506328318 0.5749171506328318
0.8293104298455137 0.5213638647535036 0.5213638647535036
0.9804402230734816 0.5519338643459694 0.5519338643459694
1.1255384239975281 0.5611157907882487 0.5611157907882487
0.9418558604083523 0.5859492867379236 0.5859492867379236
0.9697998936363345 0.5846155140176784 0.5846155140176784
1.3462277644028937 0.5338110563854119 0.5338110563854119
0.9585910883503207 0.5324815230697483 0.5324815230697483
0.8963908922031426 0.5633513289747446 0.5633513289747446
1.1342024307930776 0.4846236522875064 0.4846236522875064
0.9712396091387416 0.5251400051546351 0.5251400051546351
1.0713326034588768 0.5559375720097013 0.5559375720097013
0.956506864808294 0.5424315623483128 0.5424315623483128
0.8454986989263512 0.5732174756760414 0.5732174756760414
1.0587180328869503 0.5884640235566354 0.5884640235566354
1.0071976277674537 0.4994040021723897 0.4994040021723897
1.2100860093028054 0.5588697837060446 0.5588697837060446
1.0749322967753794 0.5243811519871574 0.5243811519871574
1.0589381377675948 0.522295049645618 0.522295049645618
1.084656764831166 0.5150486415267976 0.5150486415267976
0.9315009689001958 0.5406719291427347 0.5406719291427347
1.2390208705029278 0.4808267853792088 0.4808267853792088
0.894004235302338 0.5981496902754989 0.5981496902754989
1.1239293176676712 0.5818022432236126 0.5818022432236126
0.9694866879980236 0.5580173978942727 0.5580173978942727
1.0560031949871669 0.49543186523346494 0.49543186523346494
1.1930034109151633 0.574220070522833 0.574220070522833
0.923105316086004 0.5774953640987689 0.5774953640987689
0.9400558858136882 0.5715588912840385 0.5715588912840385
0.8731920458386478 0.5389518194711734 0.5389518194711734
1.1355576544881278 0.553482156247797 0.553482156247797
1.034394830791569 0.5485397972300703 0.5485397972300703
0.9103532851357645 0.5588240504329693 0.5588240504329693
0.9510655635899137 0.5723614856092856 0.5723614856092856
0.9323774289586283 0.5447329357741714 0.5447329357741714
0.9239696649791953 0.5427979821384912 0.5427979821384912
1.1297606744580255 0.5418318274006839 0.5418318274006839
0.9032994735181568 0.5515797409822065 0.5515797409822065
1.1667075293178992 0.4631391420967397 0.4631391420967397
1.219496344577058 0.5046096346944481 0.5046096346944481
0.919010375773462 0.5633077744238035 0.5633077744238035
0.9242380152451489 0.5430868615291414 0.5430868615291414
0.9738057258295033 0.5659100179626683 0.5659100179626683
1.0005763776214653 0.4706725116453602 0.4706725116453602
0.9604834479564451 0.5573943116127528 0.5573943116127528
0.9237331573841877 0.5490696802966611 0.5490696802966611
1.1324407614410836 0.49293672305930897 0.49293672305930897
1.0493374419628712 0.5242960275180816 0.5242960275180816
1.041737430185268 0.5525365391973642 0.5525365391973642
1.0087014475771483 0.5287812394095133 0.5287812394095133
1.1420384435619888 0.5011419864110083 0.5011419864110083
0.8856162987439713 0.5514833300545614 0.5514833300545614
1.0439163573521744 0.6023357349449316 0.6023357349449316
0.9926420110045742 0.5840502252021138 0.5840502252021138
0.8601965424095682 0.5537139826867304 0.5537139826867304
1.0119349199681367 0.5169424722160143 0.5169424722160143
0.9836980596627849 0.46914803416728773 0.46914803416728773
1.1014682276551542 0.5281998046458545 0.5281998046458545
1.0234870678587966 0.5706232038145836 0.5706232038145836
1.1500574725286015 0.4648639026708428 0.4648639026708428
1.3603657138378942 0.530374374460403 0.530374374460403
0.810002026556306 0.5409741086580034 0.5409741086580034
0.9381313829261027 0.6343326320569982 0.6343326320569982
1.2131421164871112 0.490763173488578 0.490763173488578
0.6788445274520337 0.6100210466128103 0.6100210466128103
0.9297019001173134 0.5704972292226825 0.5704972292226825
0.9680810924957887 0.5009083592911284 0.5009083592911284
0.8800908023773144 0.5777616623991912 0.5777616623991912
0.8706499061306071 0.5295076709056171 0.5295076709056171
1.1743876411257297 0.4333711792103351 0.4333711792103351
1.174208369589682 0.5111538590053605 0.5111538590053605
1.0557632497225011 0.5057989069349283 0.5057989069349283
1.3220623540508623 0.4812741041521323 0.4812741041521323
1.1455617301887362 0.5495699762685158 0.5495699762685158
1.2012722103922933 0.5433767351195061 0.5433767351195061
1.0972851255803164 0.5076274177693811 0.5076274177693811
0.973503751522889 0.5809516344864378 0.5809516344864378
0.9407778691700478 0.5523518959638983 0.5523518959638983
1.0849476273321081 0.548589518953297 0.548589518953297
1.0722185234247297 0.5778198857042022 0.5778198857042022
0.8621468449909271 0.6562545337430397 0.6562545337430397
0.8588819477356567 0.5514556872602198 0.5514556872602198
1.1111583691351994 0.5935326660949968 0.5935326660949968
1.017179123407113 0.4858061085019373 0.4858061085019373
1.2221206083466356 0.5669983098933927 0.5669983098933927
1.1222826205615086 0.5761305887225432 0.5761305887225432
1.3040726030673093 0.5103090067194895 0.5103090067194895
1.1557040702126598 0.544116981351263 0.544116981351263
1.0513785192680114 0.5375997846085449 0.5375997846085449
1.200274514729434 0.5394747365741331 0.5394747365741331
1.0557904284939863 0.5287598758329892 0.5287598758329892
1.1070003073728791 0.4825184018129498 0.4825184018129498
1.0282355050458536 0.4739262245685594 0.4739262245685594
1.0912913352384916 0.5641271055525504 0.5641271055525504
0.9457484021298516 0.5836486752522282 0.5836486752522282
0.9445316448378152 0.5659353121864723 0.5659353121864723
1.076990391214225 0.5599527976641824 0.5599527976641824
1.0454573854830125 0.522548653772431 0.522548653772431
1.0072962134439911 0.5201965572726875 0.5201965572726875
1.0471105915077727 0.5751458801280755 0.5751458801280755
1.0112978311740504 0.5937486469356302 0.5937486469356302
0.8663997861831952 0.5348503839581699 0.5348503839581699
1.0675665178210552 0.5575670908469108 0.5575670908469108
0.927599029096037 0.5727661648221352 0.5727661648221352
1.0324383976114686 0.5005476090923572 0.5005476090923572
0.6635893821333767 0.47807354625639037 0.47807354625639037
0.919606466700441 0.4628322920208817 0.4628322920208817
1.2955975896396257 0.5019886396878466 0.5019886396878466
1.10316063978079 0.46165139218105244 0.46165139218105244
0.9897133325120293 0.5867102408191109 0.5867102408191109
0.9638199709268039 0.5324886147855389 0.5324886147855389
1.0154022835768726 0.5173545434405243 0.5173545434405243
0.9133601541441587 0.5692589032554736 0.5692589032554736
0.9450270717118879 0.5302443391793906 0.5302443391793906
0.9823071194815722 0.5698821797735818 0.5698821797735818
1.1807232647089743 0.5480833032362311 0.5480833032362311
0.948549729872936 0.4983352153720711 0.4983352153720711
1.155604689663045 0.5118417778472397 0.5118417778472397
1.0917270225192373 0.5184075353271915 0.5184075353271915
1.0217514957487308 0.5519745452570357 0.5519745452570357
0.863133469737463 0.5729079591814626 0.5729079591814626
0.9412368410931817 0.5512362564344888 0.5512362564344888
0.9941172525318092 0.5575773924277119 0.5575773924277119
0.8602304876949989 0.5599634927832275 0.5599634927832275
0.8244359692215182 0.6286929842313211 0.6286929842313211
1.052420590385557 0.46696519586308616 0.46696519586308616
0.9171080204800092 0.5282164488062225 0.5282164488062225
0.7380674935731819 0.5290359556089874 0.5290359556089874
1.1226452225044932 0.5801453263492891 0.5801453263492891
1.0749777960849292 0.4994156180575632 0.4994156180575632
1.1341941147882024 0.5079811837383389 0.5079811837383389
1.245581446580644 0.529782043289377 0.529782043289377
1.2743412452982614 0.5719976139624268 0.5719976139624268
0.9691100387430969 0.5246870373704047 0.5246870373704047
1.0457518082223414 0.49964040954343353 0.49964040954343353
0.8528432693154548 0.6242364819623085 0.6242364819623085
1.1203417025038875 0.5745194060821313 0.5745194060821313
1.0254361242960863 0.5141479260156506 0.5141479260156506
1.0453466325829668 0.5754130312525698 0.5754130312525698
1.1379314248966623 0.5681835611609491 0.5681835611609491
1.039430274278776 0.5707728626044949 0.5707728626044949
1.0596417413500623 0.5324148208685225 0.5324148208685225
1.2046700537559207 0.5370591383309629 0.5370591383309629
0.9972776132565341 0.5206739754973743 0.5206739754973743
1.0563689093270723 0.5733301179296686 0.5733301179296686
1.1282921017412302 0.5433696219676113 0.5433696219676113
1.2047136624664532 0.5289096153323439 0.5289096153323439
1.1843500003791239 0.485610036036753 0.485610036036753
1.3379954938483187 0.5059883370720917 0.5059883370720917
1.2010679883014106 0.49467579890863445 0.49467579890863445
1.1117101762027592 0.46885653064374117 0.46885653064374117
1.0428602187428293 0.5769336729481122 0.5769336729481122
1.0716697905664656 0.5919828196195431 0.5919828196195431
1.1283350161167243 0.5186774107630012 0.5186774107630012
1.374819706372863 0.5166434992406765 0.5166434992406765
1.172294699005756 0.5508079169430492 0.5508079169430492
1.1351738899779158 0.5258735657321901 0.5258735657321901
0.9232836428246621 0.53929605842365 0.53929605842365
1.067881386547564 0.44364772660398744 0.44364772660398744
1.072982081331369 0.5406964771277227 0.5406964771277227
1.057771830017024 0.5590981937796122 0.5590981937796122
1.300484188499039 0.5292968347840522 0.5292968347840522
0.9004880890930201 0.5661224727781969 0.5661224727781969
1.1143668496134536 0.5761495685889251 0.5761495685889251
1.0409258561343506 0.5285063205729992 0.5285063205729992
0.7395098495513317 0.5545939923093643 0.5545939923093643
0.9377071091269614 0.5846194947121236 0.5846194947121236
1.2357451003534394 0.5064518848464666 0.5064518848464666
1.031690807970649 0.5102800073871996 0.5102800073871996
1.072240346091481 0.5473445769766885 0.5473445769766885
0.951484822995057 0.5301450435127886 0.5301450435127886
1.1449977918935055 0.5303785168613235 0.5303785168613235
1.0266341016097726 0.5864411344152911 0.5864411344152911
0.8462772114482124 0.5305914465315111 0.5305914465315111
1.0991398363958211 0.5546567374522887 0.5546567374522887
1.1994075192537672 0.5370496086912435 0.5370496086912435
0.9148912383746394 0.6116993779766774 0.6116993779766774
0.9892171312250245 0.5084563562070182 0.5084563562070182
1.0316918365293448 0.561326932885294 0.561326932885294
1.144021103622331 0.5825510885999816 0.5825510885999816
1.001149408207372 0.5557531890747456 0.5557531890747456
1.1480738990758121 0.5258533629604265 0.5258533629604265
1.1529012127723808 0.5383498212285613 0.5383498212285613
0.9088666860239707 0.5547003315860672 0.5547003315860672
1.0640785911487072 0.5488164553748378 0.5488164553748378
1.1792374684855707 0.4978862705619276 0.4978862705619276
1.1043750909467547 0.5177000649916729 0.5177000649916729
1.0489865600980144 0.49289017431827137 0.49289017431827137
1.1892474640626691 0.5146991804781205 0.5146991804781205
0.9709946526031341 0.4982631705420029 0.4982631705420029
1.0097370986021885 0.5113400541172954 0.5113400541172954
0.8617312803284395 0.5179615743078044 0.5179615743078044
0.8650538032393774 0.5245099296918981 0.5245099296918981
1.0699083910399732 0.533070369575878 0.533070369575878
1.0734838201486407 0.5173139154567554 0.5173139154567554
0.7017568573916658 0.5118176234880275 0.5118176234880275
1.1660196880711684 0.5517972208654438 0.5517972208654438
0.7571754474519847 0.5614770017537725 0.5614770017537725
1.2088573379515193 0.5475598193681056 0.5475598193681056
1.1717017255422468 0.5381588463192338 0.5381588463192338
1.0935383117133564 0.5432355356461491 0.5432355356461491
0.7170362301279546 0.6141721740480398 0.6141721740480398
0.9828440857666426 0.5237919610215541 0.5237919610215541
1.391623488510628 0.5030888791724814 0.5030888791724814
1.0019561147153149 0.5867421828885437 0.5867421828885437
1.0376575306544797 0.5166204468526139 0.5166204468526139
1.0911425430426858 0.5096721224379677 0.5096721224379677
1.0413633140298026 0.5366609621227739 0.5366609621227739
1.2289750216544133 0.584130724474393 0.584130724474393
1.1787717113067901 0.5753605075301378 0.5753605075301378
0.9495982311079634 0.6130116975435254 0.6130116975435254
1.0773519826481628 0.562995312002651 0.562995312002651
0.9237125416652601 0.5672593796852987 0.5672593796852987
0.9411566174931428 0.5428209311984981 0.5428209311984981
0.9011970778772623 0.5316751065029436 0.5316751065029436
1.0709294477184068 0.5252390216809768 0.5252390216809768
0.9718625617874841 0.5159235315095339 0.5159235315095339
0.8781656266965872 0.5984293048221414 0.5984293048221414
1.1602946372644847 0.49205509345004556 0.49205509345004556
1.240098828025054 0.5490275974919196 0.5490275974919196
0.9626951002206616 0.596898184109826 0.596898184109826
1.149980877386823 0.5248922716696952 0.5248922716696952
1.2195099030411547 0.5374209233456383 0.5374209233456383
1.0531305630171346 0.5164457631467336 0.5164457631467336
0.8797658536042536 0.584863852932292 0.584863852932292
0.9787022026003005 0.542316602868254 0.542316602868254
0.9532962935212144 0.5334632951944649 0.5334632951944649
1.2601787969926723 0.5342446035195014 0.5342446035195014
0.810132947368905 0.5083176312460984 0.5083176312460984
1.2113880358927205 0.5397808508630542 0.5397808508630542
1.0406618454704222 0.5748439123855742 0.5748439123855742
1.0220874423969695 0.5041512447907093 0.5041512447907093
1.2654235678638714 0.5888660429894645 0.5888660429894645
1.2834101862570815 0.5350326249320867 0.5350326249320867
0.8858024821699124 0.5148703422743779 0.5148703422743779
1.2264332946563505 0.5912048159392113 0.5912048159392113
0.9502586891505923 0.4614883433953093 0.4614883433953093
1.080329896654368 0.5164696804813105 0.5164696804813105
0.8459276112999524 0.5523340368008774 0.5523340368008774
1.0143602241604306 0.5472672475710728 0.5472672475710728
1.0124150984123765 0.5806542781218038 0.5806542781218038
1.0395844400825918 0.5469926719641424 0.5469926719641424
1.2457358369932727 0.5000745077621936 0.5000745077621936
0.9974345177815958 0.6072762079751384 0.6072762079751384
1.2320834121262216 0.511283628064936 0.511283628064936
0.898916180729724 0.5808529100690151 0.5808529100690151
0.5211979701725805 0.6545319346696913 0.6545319346696913
1.0744357166800484 0.5086823829006569 0.5086823829006569
0.9599595075805953 0.5046947346495803 0.5046947346495803
0.8997049159048908 0.5461360599396489 0.5461360599396489
1.0906573576319172 0.580520337833303 0.580520337833303
0.9718541834639899 0.615190489489046 0.615190489489046
1.0761886642608713 0.5485498409743194 0.5485498409743194
0.9871960080962882 0.5074192415663864 0.5074192415663864
1.152178949660764 0.497819606340265 0.497819606340265
0.7990566123008374 0.5274661160126213 0.5274661160126213
1.0197453186376348 0.5354197434946145 0.5354197434946145
0.950069290437987 0.5419425124828896 0.5419425124828896
0.9797766264907988 0.5590886543625373 0.5590886543625373
1.3513899226977617 0.5149417448672235 0.5149417448672235
1.1807057272215782 0.5157578243868441 0.5157578243868441
1.1103381530169099 0.5422522805787001 0.5422522805787001
1.1999432176466391 0.4274238396086065 0.4274238396086065
1.212769443188964 0.4946083360556123 0.4946083360556123
1.0887943342054975 0.514137983357144 0.514137983357144
1.1663931852296414 0.48673549442412384 0.48673549442412384
0.9634342323175161 0.509296835295309 0.509296835295309
0.989552378326412 0.4953934504314894 0.4953934504314894
1.032602185298738 0.557185383109564 0.557185383109564
1.057793629937287 0.552150870150213 0.552150870150213
1.1157970966871105 0.5451928130416047 0.5451928130416047
1.0160983004721795 0.5060571382277683 0.5060571382277683
1.0639344790253706 0.5778915787357493 0.5778915787357493
0.9533525321245304 0.5530912258841663 0.5530912258841663
0.7989774509985448 0.5573269077080099 0.5573269077080099
1.0172582403133976 0.5079262529607412 0.5079262529607412
1.044905245161642 0.5834463546254408 0.5834463546254408
1.1926553022337953 0.5650741362636023 0.5650741362636023
0.7687249218816412 0.4997567235565646 0.4997567235565646
1.031010886533708 0.557135639493773 0.557135639493773
1.0119970770763547 0.5489638139691441 0.5489638139691441
0.9235436828509752 0.5121882471967353 0.5121882471967353
1.0217205011671489 0.5305995689201226 0.5305995689201226
1.0939960733819651 0.5831137654103548 0.5831137654103548
1.037716738896912 0.5661423318137317 0.5661423318137317
1.0251801956165898 0.5397538136539687 0.5397538136539687
1.0918343746202166 0.5539769868513197 0.5539769868513197
0.8317598034262619 0.5340775818693226 0.5340775818693226
1.1668698714925478 0.5478845021080505 0.5478845021080505
1.2745094793428342 0.5436895738852094 0.5436895738852094
1.016395248991709 0.5652452845171798 0.5652452845171798
0.8923002909203045 0.5540844895641944 0.5540844895641944
1.1410123421503042 0.6143128673088278 0.6143128673088278
1.134689174464596 0.5296150847645517 0.5296150847645517
0.7314465260018626 0.5219296507335649 0.5219296507335649
1.0712085787413614 0.5174512845557548 0.5174512845557548
1.2613762221936828 0.5402526766781237 0.5402526766781237
1.0892289268160256 0.563829489283091 0.563829489283091
1.14379873316423 0.5420856864983751 0.5420856864983751
0.8784025815560742 0.5756537387563591 0.5756537387563591
0.9999898666095627 0.5650407873608222 0.5650407873608222
1.2589254273757875 0.5282713009796374 0.5282713009796374
1.2771441132333696 0.48682482541759187 0.48682482541759187
0.9962196102405385 0.49712391273889484 0.49712391273889484
0.7902979311261025 0.49229683518427053 0.49229683518427053
1.2009770291831368 0.5406333018016737 0.5406333018016737
1.0775969438456299 0.508614967441748 0.508614967441748
1.1881824812617965 0.5361767398205018 0.5361767398205018
1.2031653922407688 0.4802842858759169 0.4802842858759169
0.9204045929466794 0.5631143082415361 0.5631143082415361
1.4219586162285387 0.570924536915008 0.570924536915008
1.1053346940198188 0.5726674196900696 0.5726674196900696
1.1431635285508421 0.5586746030868235 0.5586746030868235
1.03656679184898 0.5598818695958809 0.5598818695958809
1.0079205077278506 0.5751512904399487 0.5751512904399487
1.0585853037491892 0.5532185740075353 0.5532185740075353
0.9864783967343236 0.5448273692632413 0.5448273692632413
1.3763931429088432 0.46650541890916764 0.46650541890916764
0.949162461695744 0.47152566543456975 0.47152566543456975
1.0646566947030829 0.5759967521619321 0.5759967521619321
1.1406877463388603 0.5793672711116016 0.5793672711116016
0.9146423826598062 0.48403983748101576 0.48403983748101576
1.086550087779254 0.5241021771266401 0.5241021771266401
1.0386443635135536 0.5279413531780007 0.5279413531780007
0.9960938585116709 0.5336549567851204 0.5336549567851204
0.7969441731677052 0.5977235504282608 0.5977235504282608
1.0552974546225187 0.55937929996737 0.55937929996737
1.1733326317447768 0.5431568710873425 0.5431568710873425
1.1207488458984838 0.5142352937096191 0.5142352937096191
0.9084003874473146 0.5419273728699625 0.5419273728699625
1.1112116817008433 0.5811531342083914 0.5811531342083914
0.9708997154111589 0.5287058471915034 0.5287058471915034
0.99008082332671 0.496593843083003 0.496593843083003
1.0357502349810093 0.5312543097742477 0.5312543097742477
1.0019122728322576 0.5103420785814073 0.5103420785814073
0.929214881483404 0.567010368139407 0.567010368139407
1.141680466074006 0.5376210789189665 0.5376210789189665
0.8569862938673585 0.5354010770419317 0.5354010770419317
1.0295421694083637 0.5083322130971877 0.5083322130971877
1.2438653489757503 0.4999004039852329 0.4999004039852329
0.7933761749500885 0.49786914176864444 0.49786914176864444
1.2721326013388048 0.5804561559495676 0.5804561559495676
1.2229069785782944 0.5012395713926683 0.5012395713926683
1.0868370544715236 0.49064047675099504 0.49064047675099504
0.8692255005515499 0.5702449220021204 0.5702449220021204
0.9189908979648184 0.5444192285022079 0.5444192285022079
1.0893456328381372 0.4994174322737664 0.4994174322737664
1.1153773534521063 0.5605602643982578 0.5605602643982578
1.2548715420264571 0.5074782755750645 0.5074782755750645
1.1138781141327605 0.5183088024331683 0.5183088024331683
0.9030498356158544 0.513596696393373 0.513596696393373
1.1563034276566662 0.510393608571097 0.510393608571097
0.9131834997652536 0.5170794774286965 0.5170794774286965
1.0517750333459555 0.5267287598339366 0.5267287598339366
0.9467031164942084 0.5154508650262084 0.5154508650262084
0.9762696465748779 0.5737451015646631 0.5737451015646631
1.2307198467937832 0.4935732452704319 0.4935732452704319
1.2325336086915502 0.5297922216448508 0.5297922216448508
0.9471845191758606 0.49719277864962375 0.49719277864962375
0.9864968812570003 0.5539631927811028 0.5539631927811028
0.8834047310546282 0.5466386441949145 0.5466386441949145
1.1372936158056897 0.48686077449584164 0.48686077449584164
1.2736281076776894 0.5224538630132756 0.5224538630132756
1.0288170387580826 0.5849445563044434 0.5849445563044434
1.282305202945241 0.5551530971806042 0.5551530971806042
1.1544527644220213 0.5371758767660867 0.5371758767660867
1.0040943026209828 0.6150543394573869 0.6150543394573869
1.130100249700825 0.5332322281772732 0.5332322281772732
1.1005206308080646 0.5013911621292388 0.5013911621292388
1.047955119203353 0.6461377985892062 0.6461377985892062
0.9454723842591259 0.5439485614964741 0.5439485614964741
0.9750207519196133 0.556989782458223 0.556989782458223
1.210449900335321 0.5473493650610278 0.5473493650610278
1.1070406381439524 0.5519075643523638 0.5519075643523638
1.032600172423026 0.544684695538737 0.544684695538737
0.9866479036890274 0.5149917045322738 0.5149917045322738
1.1169280602495244 0.49416846349531635 0.49416846349531635
0.838864431724958 0.5588493798559216 0.5588493798559216
1.1317284800021643 0.5802215320343438 0.5802215320343438
1.0747758653489843 0.5633920677971137 0.5633920677971137
0.8581079589419817 0.539072080334004 0.539072080334004
1.149891480313098 0.5398532999178561 0.5398532999178561
0.9179652911390431 0.5353719766538171 0.5353719766538171
1.1086125416682275 0.586066726989442 0.586066726989442
1.1550374463621513 0.5036534452487967 0.5036534452487967
1.0362323379195826 0.5548342517819697 0.5548342517819697
1.1138215123850916 0.4921276274532602 0.4921276274532602
0.8807489687016887 0.5354866029266818 0.5354866029266818
0.9071942351178585 0.5921970566655205 0.5921970566655205
1.1278053844819795 0.5505948759221477 0.5505948759221477
1.0437481307672378 0.5387110583054657 0.5387110583054657
0.997374285422315 0.5105563880078136 0.5105563880078136
0.9368329395452776 0.5704973030962587 0.5704973030962587
1.1591890217714678 0.5362858575807029 0.5362858575807029
1.3553880446538418 0.5286929313564099 0.5286929313564099
0.803237404296645 0.568037056183049 0.568037056183049
0.7206832439840924 0.5684671415478713 0.5684671415478713
1.037629946591439 0.5922540162880563 0.5922540162880563
1.2062928228445802 0.5427860862671443 0.5427860862671443
1.0287294535044258 0.5313246049707575 0.5313246049707575
0.84087144570871 0.4727941638312495 0.4727941638312495
1.1906191562891952 0.4885726828661593 0.4885726828661593
1.158060212455292 0.5448955328575736 0.5448955328575736
1.2123514213098732 0.539433455219901 0.539433455219901
1.0475685761781015 0.5231286557003703 0.5231286557003703
0.9091616503546236 0.5201293788304888 0.5201293788304888
1.2210803440767375 0.5701479188596145 0.5701479188596145
1.1901850233730984 0.5437722597364332 0.5437722597364332
0.9241294786297587 0.5673347760278968 0.5673347760278968
0.6735551721678862 0.5537030132055863 0.5537030132055863
1.0084845931520483 0.5501117795189174 0.5501117795189174
0.9700699601709928 0.5452546063470434 0.5452546063470434
0.8551412924775108 0.5116203943914117 0.5116203943914117
1.1219988679854103 0.4956453726401566 0.4956453726401566
1.1965492216333713 0.4648559748495465 0.4648559748495465
1.1522678601690806 0.45401302271864574 0.45401302271864574
0.8652883526432195 0.5418457437427014 0.5418457437427014
1.2579076503289952 0.5535659915978484 0.5535659915978484
0.9921477923051258 0.5272990097492063 0.5272990097492063
1.1013683377884267 0.50699477038217 0.50699477038217
1.053145339771005 0.52284930318877 0.52284930318877
0.7846952100483937 0.5259206846170759 0.5259206846170759
0.9192830460766416 0.4991134536071119 0.4991134536071119
1.2038288142674878 0.5703606886824673 0.5703606886824673
0.9161857720423772 0.5511613079578039 0.5511613079578039
1.1196181222542623 0.5630717297049784 0.5630717297049784
0.9167928940677804 0.5675328210916045 0.5675328210916045
1.0966502676578125 0.483504156976444 0.483504156976444
1.0573516119915123 0.5736704635788256 0.5736704635788256
0.9099035202171274 0.5473548942976193 0.5473548942976193
0.7600142031472293 0.5638445074640773 0.5638445074640773
1.007782215194403 0.4886371528511599 0.4886371528511599
1.1951703314039497 0.4633779273243416 0.4633779273243416
1.065404916493038 0.5385227847160904 0.5385227847160904
1.1591510766859 0.5390481299323616 0.5390481299323616
1.1502787904634817 0.5406902495423764 0.5406902495423764
1.0315704440130191 0.5238635364657322 0.5238635364657322
0.9898504504595622 0.5601828379430869 0.5601828379430869
1.184665336285379 0.49849168391637066 0.49849168391637066
1.1372517735798486 0.5221190050033901 0.5221190050033901
1.034356097929496 0.5407847309560908 0.5407847309560908
1.2611555299146928 0.5509955996262388 0.5509955996262388
0.8050439722810929 0.5461505298409073 0.5461505298409073
1.0074500778254853 0.5353487313328626 0.5353487313328626
0.9700703747471152 0.5368401649705162 0.5368401649705162
0.8608238492169232 0.5459661224985904 0.5459661224985904
1.0969851610167463 0.5402843185291754 0.5402843185291754
1.0316079586811164 0.6202685094270235 0.6202685094270235
1.1457809727023345 0.5278923590079957 0.5278923590079957
1.037177059967725 0.5905981920758201 0.5905981920758201
1.1758964652862036 0.4961272206626995 0.4961272206626995
1.0356197182005529 0.5492906815731154 0.5492906815731154
1.090991870098832 0.5617225505082745 0.5617225505082745
0.924742681563722 0.5382328213495594 0.5382328213495594
1.0376792953745282 0.47397605906572304 0.47397605906572304
0.860882426049478 0.534814091719012 0.534814091719012
1.163822568890384 0.51778630963933 0.51778630963933
0.8553605589787309 0.5093061816356016 0.5093061816356016
1.0452327116356106 0.6297938275565691 0.6297938275565691
1.130620544826027 0.4781599516712892 0.4781599516712892
1.0476824545042964 0.5755997553847582 0.5755997553847582
1.0893663488902623 0.5429249494819981 0.5429249494819981
1.1899116139946888 0.532789219548395 0.532789219548395
1.2223060201850593 0.4714393841698012 0.4714393841698012
0.9802662380881874 0.5814955948869803 0.5814955948869803
0.9766639477549636 0.5351034460782903 0.5351034460782903
1.0451030951051883 0.513256442551445 0.513256442551445
0.9369893928740606 0.5936703169749055 0.5936703169749055
1.0442472114707435 0.589385442926316 0.589385442926316
1.0973932667306752 0.5015579022263297 0.5015579022263297
1.1215480397251718 0.5714447343949937 0.5714447343949937
1.2830871781228803 0.5135325336929448 0.5135325336929448
0.8335502127187236 0.6417502157157865 0.6417502157157865
1.1056335466418048 0.5726872929085225 0.5726872929085225
0.868151906898349 0.5098085494117353 0.5098085494117353
0.9677357627958593 0.4895761197250038 0.4895761197250038
1.1536670026064284 0.5546530144833943 0.5546530144833943
0.962726133011371 0.5889918639171703 0.5889918639171703
1.0562532006305476 0.5142196344472169 0.5142196344472169
0.9667938276545723 0.5281536113760309 0.5281536113760309
1.039596927175782 0.5292011296911228 0.5292011296911228
0.9310749624073518 0.5833962705231286 0.5833962705231286
0.9034693836398197 0.5354906597268604 0.5354906597268604
1.0393076983350131 0.5954810175756537 0.5954810175756537
0.9927259774645141 0.6162106958028535 0.6162106958028535
0.9445076276239037 0.5263958703431573 0.5263958703431573
1.04029085340084 0.5044030900737169 0.5044030900737169
1.0470444543250395 0.5566561477783458 0.5566561477783458
0.9422096660447388 0.5920605916353854 0.5920605916353854
1.1050511720678018 0.4885902884548667 0.4885902884548667
1.0661445042236464 0.5285064695494672 0.5285064695494672
0.8122618403384242 0.5424720553203516 0.5424720553203516
0.9346071996931282 0.5502563501108673 0.5502563501108673
1.0747223283273444 0.5518000873634853 0.5518000873634853
1.247393125387871 0.523917090620922 0.523917090620922
1.3217314769388078 0.5181825142738776 0.5181825142738776
0.9252524155397849 0.5798667805332672 0.5798667805332672
1.1108709646500174 0.5435220415711387 0.5435220415711387
0.8773904628676901 0.5693322348274159 0.5693322348274159
1.0943955938698313 0.5621144563395237 0.5621144563395237
0.7319580844842088 0.5118356331832536 0.5118356331832536
1.190670132924446 0.5569671025627639 0.5569671025627639
0.7835491479979753 0.6007996750761138 0.6007996750761138
1.2379776075718685 0.46007368824782907 0.46007368824782907
1.1319993134594086 0.5591968976048721 0.5591968976048721
1.156706966672968 0.4906527174352697 0.4906527174352697
1.0353505138263928 0.4944225273324465 0.4944225273324465
0.97541011623531 0.5364457387443639 0.5364457387443639
0.8513906186050124 0.5462113898137906 0.5462113898137906
1.0204381919277439 0.5286668971435912 0.5286668971435912
1.0852515853071163 0.5082713668946235 0.5082713668946235
1.0011942579598074 0.5776733544422445 0.5776733544422445
1.066267366833733 0.5687272601783419 0.5687272601783419
1.0655589639252852 0.5481089490574841 0.5481089490574841
1.175093519718144 0.5357037069313225 0.5357037069313225
1.0244023592302094 0.5158330828710952 0.5158330828710952
0.9007206414054927 0.5630257957040452 0.5630257957040452
0.9141649447962913 0.5037513789702964 0.5037513789702964
1.2694562438699042 0.5137939619791964 0.5137939619791964
1.0620017628336775 0.48925257313279796 0.48925257313279796
0.9688322320602234 0.5801346530416651 0.5801346530416651
1.0072205280363247 0.5859690333582303 0.5859690333582303
0.8471485645579553 0.5556233976294342 0.5556233976294342
1.1847701324759405 0.5533338356919202 0.5533338356919202
1.057081407061331 0.5329340441901758 0.5329340441901758
0.8735615437047934 0.6392076590034781 0.6392076590034781
0.9093213026726099 0.5428162539268195 0.5428162539268195
1.0989509541762117 0.5384800725597358 0.5384800725597358
1.0819948567436959 0.5379931291863517 0.5379931291863517
1.0640274181435503 0.5682796733627212 0.5682796733627212
1.2076570497047605 0.5288836319780094 0.5288836319780094
0.9602165180653262 0.48597767270908276 0.48597767270908276
1.297526395464204 0.5149159957355255 0.5149159957355255
1.0211424623269139 0.5239926814752466 0.5239926814752466
0.9238626972487984 0.5292143410308545 0.5292143410308545
1.11778128225327 0.5235842395326081 0.5235842395326081
1.0517633870249017 0.5597225920212932 0.5597225920212932
1.0538666938113497 0.4834097606955298 0.4834097606955298
1.399251490322749 0.5361940972656257 0.5361940972656257
0.7608565613375398 0.5890009109492405 0.5890009109492405
0.9129798321446893 0.5210478041964125 0.5210478041964125
0.9581970585020355 0.6302071746539996 0.6302071746539996
0.9561201501562233 0.44063848485869067 0.44063848485869067
1.3135558293231455 0.513193730939278 0.513193730939278
1.1048351098211207 0.5188117345556376 0.5188117345556376
1.0223468726832428 0.5201071309712216 0.5201071309712216
1.0163820761255404 0.5355342132655005 0.5355342132655005
0.8194104705885523 0.5731826570302103 0.5731826570302103
0.8818354906810509 0.5277414967973687 0.5277414967973687
1.1672085419650344 0.511352060788776 0.511352060788776
1.2138829455802589 0.5255392058395145 0.5255392058395145
1.2822420020391143 0.5749249363179049 0.5749249363179049
1.235856664097741 0.4951029831802302 0.4951029831802302
0.7611277726823804 0.5327002323769743 0.5327002323769743
1.1195138036717296 0.506930893022868 0.506930893022868
0.8998609182800674 0.4799228272303568 0.4799228272303568
0.9805285223230367 0.5226006873028124 0.5226006873028124
1.0872877609644496 0.5109773191269286 0.5109773191269286
0.9876132168384506 0.5074677661653211 0.5074677661653211
0.6490350954522052 0.5863488376978131 0.5863488376978131
0.8535164909920498 0.5545967535751148 0.5545967535751148
0.8679604253992615 0.5554916688704022 0.5554916688704022
1.0521781903589984 0.5658739691375999 0.5658739691375999
0.8445062980288924 0.5571605197389209 0.5571605197389209
0.7895051054336503 0.5448793577464913 0.5448793577464913
1.1681045066054239 0.57443846554318 0.57443846554318
1.0898900276722108 0.4830753069289869 0.4830753069289869
1.1473358591791505 0.5078019326282147 0.5078019326282147
1.2848435194254033 0.4697329198770372 0.4697329198770372
1.187240780504558 0.5285561400832369 0.5285561400832369
1.1601451636925444 0.4874380485536459 0.4874380485536459
0.8416063183306293 0.5908361697901916 0.5908361697901916
1.1952129267241345 0.5192592655884108 0.5192592655884108
1.0328826777224698 0.4801652539115908 0.4801652539115908
1.2537474214968882 0.527601307266509 0.527601307266509
1.0468162999621864 0.5788323016459153 0.5788323016459153
0.9115947637962049 0.5270508594650277 0.5270508594650277
0.7758689124329433 0.5484768981710487 0.5484768981710487
1.1095923124383695 0.5995100550978834 0.5995100550978834
0.9300368291855912 0.5061513119437886 0.5061513119437886
1.028107305657013 0.5021160671729857 0.5021160671729857
0.7884301587354074 0.5414238066202455 0.5414238066202455
0.9430637284422059 0.5084459995110069 0.5084459995110069
1.1793486157553477 0.5441259233037915 0.5441259233037915
0.8966825962721178 0.5251137714619988 0.5251137714619988
0.9265958695751457 0.5041780719054538 0.5041780719054538
1.0240725228280503 0.5576059722127082 0.5576059722127082
0.9180857605957529 0.5683379284032297 0.5683379284032297
0.9758774486098801 0.5011103101343518 0.5011103101343518
1.084572091906814 0.49525198366220335 0.49525198366220335
1.2453386244285354 0.5237589185688657 0.5237589185688657
1.1316003146083025 0.5363800876393343 0.5363800876393343
1.1089860893560322 0.48455229249916354 0.48455229249916354
1.0779471729662857 0.5766540610162417 0.5766540610162417
0.6980383110047435 0.5885863410790886 0.5885863410790886
0.868020322864269 0.587403897648154 0.587403897648154
1.137391831247567 0.5805839847545209 0.5805839847545209
0.8112215818230815 0.5484284763234166 0.5484284763234166
0.9171639908121257 0.5376298835710712 0.5376298835710712
1.1651415089677797 0.5451688238796899 0.5451688238796899
0.9969121906894732 0.5531929040847484 0.5531929040847484
1.3234750214449011 0.5164010371269473 0.5164010371269473
0.9876884192657279 0.5693715696135347 0.5693715696135347
1.0608680104319186 0.5808027074877959 0.5808027074877959
0.9798532763370214 0.525661673000734 0.525661673000734
1.1248466619499125 0.5264440149777909 0.5264440149777909
1.1053780209359578 0.48239264897828027 0.48239264897828027
1.1088592805407769 0.5407852519310514 0.5407852519310514
1.117792948000723 0.548085196818945 0.548085196818945
0.927612837652943 0.5518231168377544 0.5518231168377544
0.8629788007887124 0.5287071087356806 0.5287071087356806
1.1108649250419396 0.5057014443043935 0.5057014443043935
1.0651575808210683 0.5570899736059233 0.5570899736059233
0.8676739282562106 0.5680639804455171 0.5680639804455171
1.066728394197784 0.5332558694484547 0.5332558694484547
1.0910446426447287 0.5339006015956859 0.5339006015956859
1.0304887534197933 0.5608793647439365 0.5608793647439365
1.2031812816540917 0.5013846914979829 0.5013846914979829
1.0904756314053399 0.5105110587286776 0.5105110587286776
1.124472903664638 0.5757758311566339 0.5757758311566339
0.9360138259178851 0.5596937661543026 0.5596937661543026
0.8657390615860725 0.5182567652996115 0.5182567652996115
1.0273955120419596 0.49653169605808234 0.49653169605808234
0.8512055989680891 0.5028204168581452 0.5028204168581452
1.063045982403489 0.5311967578801456 0.5311967578801456
1.285109071960253 0.47024405650792317 0.47024405650792317
1.1742150599467087 0.48027479657867506 0.48027479657867506
1.0323717664093213 0.5902267191232305 0.5902267191232305
0.9663545056086528 0.5243750735974987 0.5243750735974987
1.1569175294738128 0.5017350520260782 0.5017350520260782
0.9859316021028877 0.5412496139883485 0.5412496139883485
1.105374847775655 0.5112564846860257 0.5112564846860257
0.9904055767084876 0.5395818735058104 0.5395818735058104
1.2803107974641754 0.49865605554694 0.49865605554694
1.2971190221040012 0.5219764844540217 0.5219764844540217
1.185428497613311 0.5163455409988179 0.5163455409988179
0.9763150985354138 0.5014747811967432 0.5014747811967432
1.0049666388902811 0.5286845567019854 0.5286845567019854
0.9551264989956436 0.5640577806112728 0.5640577806112728
1.0243521427838842 0.4902742717278198 0.4902742717278198
0.8203042682371223 0.5354512548817233 0.5354512548817233
1.0057384646211194 0.5868205959062421 0.5868205959062421
1.1061530804271855 0.6062689447677763 0.6062689447677763
1.0602819133322117 0.536373309709675 0.536373309709675
1.1651438153907963 0.48760979611585276 0.48760979611585276
1.1769632723832575 0.48367391032393875 0.48367391032393875
0.9095776516926918 0.49915528326418224 0.49915528326418224
0.8917749001407894 0.5724719023889987 0.5724719023889987
0.9974510351990703 0.5602642682345728 0.5602642682345728
0.6344120941451818 0.5218037632422026 0.5218037632422026
1.2787543403525792 0.5091715642045085 0.5091715642045085
1.0792081723571814 0.5619313176802232 0.5619313176802232
1.1470292157889617 0.5447765952377599 0.5447765952377599
0.9271414375411516 0.5148397013754599 0.5148397013754599
1.0290964211054052 0.6116318730151528 0.6116318730151528
0.9864844757650133 0.5133370021710895 0.5133370021710895
1.0555705492953757 0.5670550355088754 0.5670550355088754
1.053499204104654 0.5861792009320361 0.5861792009320361
0.9610470940184217 0.5135623321383354 0.5135623321383354
1.110543766596987 0.5660630596743529 0.5660630596743529
1.0599518680512534 0.5041077593383788 0.5041077593383788
1.169502631345157 0.5575588698147095 0.5575588698147095
0.5655193415759054 0.594181469442387 0.594181469442387
1.0976381029692204 0.4717162265628174 0.4717162265628174
1.044856453501015 0.5734685478120845 0.5734685478120845
0.9114645789660645 0.6081805710443751 0.6081805710443751
1.1607861567903663 0.5295158797231155 0.5295158797231155
0.9463399293719215 0.517837820546746 0.517837820546746
1.218820935798697 0.609105594707102 0.609105594707102
0.9811170832265188 0.4529173027709905 0.4529173027709905
1.1252617569693137 0.5365144834263027 0.5365144834263027
1.1366924193552608 0.5399103175059375 0.5399103175059375
1.278487387398176 0.4979737476426418 0.4979737476426418
1.0189512767894167 0.5581642485366559 0.5581642485366559
1.038840470941369 0.5372546842620108 0.5372546842620108
0.9257959598245082 0.5024948177079143 0.5024948177079143
0.9713453773161725 0.5541913498470471 0.5541913498470471
1.0985705471996903 0.5082002252864228 0.5082002252864228
1.0519665021180837 0.5498525588745279 0.5498525588745279
1.1234444951819968 0.5809830930023849 0.5809830930023849
1.0632841160064495 0.5360688163411627 0.5360688163411627
0.763241649303133 0.6167323880300827 0.6167323880300827
1.1317944542887282 0.5173606473562636 0.5173606473562636
0.9668996825679479 0.46259166591832623 0.46259166591832623
1.16275385943345 0.6018243889157785 0.6018243889157785
0.9780945840671571 0.5583896992248245 0.5583896992248245
1.2724759313532434 0.5438154838635575 0.5438154838635575
1.048536026251055 0.5967764550464353 0.5967764550464353
1.0484541597234318 0.5128744907457854 0.5128744907457854
0.9412620361319095 0.562046217751744 0.562046217751744
1.0944316108066907 0.5405020502485592 0.5405020502485592
0.870542386757709 0.5113865782749146 0.5113865782749146
1.124923327947987 0.5849975786609476 0.5849975786609476
1.3329831877404312 0.5389480709721223 0.5389480709721223
1.04229594533742 0.5500544644798004 0.5500544644798004
1.0774455542624202 0.5262436282905449 0.5262436282905449
1.1333547701471205 0.575975008244556 0.575975008244556
1.0087153346949087 0.5597727833069527 0.5597727833069527
0.8251487908874082 0.5077764781998699 0.5077764781998699
0.9888501817118204 0.5273504581831777 0.5273504581831777
1.1202959755084219 0.5127193161219439 0.5127193161219439
0.9536132529390351 0.565328002303753 0.565328002303753
1.1797297113994571 0.5824951568879982 0.5824951568879982
0.9065793801206894 0.5957089862532463 0.5957089862532463
1.0047915563608307 0.5359500277064303 0.5359500277064303
1.1407232361000659 0.4732304401344473 0.4732304401344473
1.310437395993341 0.5291438949141236 0.5291438949141236
0.8743440061277008 0.5897763194402594 0.5897763194402594
1.1733997447538207 0.47714440444757017 0.47714440444757017
1.058241044062022 0.5581056903491524 0.5581056903491524
1.2326000178688583 0.5284424187425252 0.5284424187425252
1.1281626532050328 0.5783706874262339 0.5783706874262339
1.10596799151423 0.4653898264092719 0.4653898264092719
0.851752887459035 0.5458058240139998 0.5458058240139998
0.8384229926150877 0.5352354270672743 0.5352354270672743
1.2995022218630026 0.459359283178136 0.459359283178136
1.0626394946862616 0.5488527733823815 0.5488527733823815
0.9374384857158463 0.5418579683910526 0.5418579683910526
0.9254253402336077 0.5477841835078237 0.5477841835078237
0.9113818601267557 0.5143380026212468 0.5143380026212468
1.0559541722541554 0.5197623850905371 0.5197623850905371
0.9315186227564776 0.5773809192047468 0.5773809192047468
0.9095943323557144 0.5417566993442083 0.5417566993442083
1.0729077685905315 0.4895641861160037 0.4895641861160037
0.9501671957818879 0.5567219553091108 0.5567219553091108
1.039993992116948 0.5453960684255531 0.5453960684255531
0.8027057474527152 0.5263435832812434 0.5263435832812434
1.068773010699807 0.5780427121795902 0.5780427121795902
0.8797374831504446 0.5402787641742889 0.5402787641742889
1.1181774484419766 0.519321567559598 0.519321567559598
0.9356956615934067 0.6043130822157672 0.6043130822157672
0.9830641998660417 0.5681099441406599 0.5681099441406599
0.9753722825783109 0.5113372008446071 0.5113372008446071
1.0917908441759205 0.48294017906402326 0.48294017906402326
0.7962882867128248 0.5577524375333952 0.5577524375333952
1.093611011135145 0.6179023831902939 0.6179023831902939
1.1541559220333033 0.5554475637283791 0.5554475637283791
1.1653156084189504 0.5467368950476208 0.5467368950476208
1.1109414299631502 0.612030610044346 0.612030610044346
1.1049539182935726 0.586097592738466 0.586097592738466
0.8637120002411226 0.5522605805424655 0.5522605805424655
1.1217113951831308 0.5422130416411561 0.5422130416411561
0.8967529357543024 0.5869807842060571 0.5869807842060571
0.9084214093114191 0.46577398603965453 0.46577398603965453
1.070021873923642 0.5499972966430576 0.5499972966430576
1.053598772028562 0.5463349246481257 0.5463349246481257
1.2828315304277096 0.5577698206807086 0.5577698206807086
1.0418934329103786 0.5505521181025135 0.5505521181025135
1.0246534488856518 0.5610551540398887 0.5610551540398887
1.1153491432754623 0.5088722093736607 0.5088722093736607
0.8933358988121917 0.5819366449301998 0.5819366449301998
1.0587989584268351 0.5281875937931795 0.5281875937931795
1.1701257878510583 0.5508750672673791 0.5508750672673791
0.9525688657746356 0.5332503052567608 0.5332503052567608
1.0176285539289116 0.597719881497754 0.597719881497754
0.9173965087378729 0.5813260697733634 0.5813260697733634
0.8404851277480394 0.5722933667476118 0.5722933667476118
0.851858358815735 0.5594753614004212 0.5594753614004212
1.1925129608496485 0.4542716810137371 0.4542716810137371
0.9496920091854958 0.5435751299400163 0.5435751299400163
0.898666736273959 0.5693807114549087 0.5693807114549087
1.0131128623157348 0.552799330455466 0.552799330455466
1.201156929195517 0.5026896187637547 0.5026896187637547
1.0900541053152761 0.5512704130097463 0.5512704130097463
1.0191847959342641 0.5628697375189493 0.5628697375189493
0.9591665269450246 0.5417279623123078 0.5417279623123078
0.6724141539276781 0.5709702862753175 0.5709702862753175
1.055659309443111 0.4913329963374285 0.4913329963374285
1.1829584820695462 0.5361333268602693 0.5361333268602693
1.0620737891864884 0.537441711024599 0.537441711024599
1.3375207846871737 0.4976208079261328 0.4976208079261328
1.0657109889158325 0.5308542844661506 0.5308542844661506
0.8891112146668845 0.6218558734264974 0.6218558734264974
0.7642339351802686 0.5439425409230211 0.5439425409230211
1.0894621068034471 0.4949387166003202 0.4949387166003202
0.8222391009215045 0.5938154973059669 0.5938154973059669
1.1997921981605182 0.5159271617615562 0.5159271617615562
0.9395823341926397 0.5099597126341537 0.5099597126341537
1.0190322504243108 0.5485741004908188 0.5485741004908188
1.0248722866355573 0.5539535013904962 0.5539535013904962
1.0516897655022808 0.535247064798655 0.535247064798655
1.0828617501246267 0.6018832189915423 0.6018832189915423
1.076458614712668 0.5335669524812641 0.5335669524812641
1.107225991104315 0.5406465219226131 0.5406465219226131
1.1591648109837358 0.5832243230755654 0.5832243230755654
1.1351803348472242 0.5168336293187428 0.5168336293187428
1.1077919351314462 0.48538239618331724 0.48538239618331724
0.917709048724452 0.5727079149640945 0.5727079149640945
1.0280730952787067 0.5436145667458037 0.5436145667458037
0.9158760721460046 0.567322391408958 0.567322391408958
0.9776298570929092 0.5133824144221191 0.5133824144221191
1.1378854999755648 0.6436810211813264 0.6436810211813264
0.784295058088225 0.598186723820309 0.598186723820309
1.0615335796709306 0.5193971754932539 0.5193971754932539
0.8476183881476843 0.5477761158806077 0.5477761158806077
0.7627809086277296 0.5533310170534501 0.5533310170534501
0.9144432631153852 0.587104297081178 0.587104297081178
1.1735025929760203 0.5421492050864868 0.5421492050864868
1.153218617519486 0.5109180340387262 0.5109180340387262
0.968146625251188 0.5616414674866225 0.5616414674866225
0.7475495192987845 0.6000275703430332 0.6000275703430332
1.1690982444351214 0.48990415053257685 0.48990415053257685
1.0186535843369882 0.5478523188563025 0.5478523188563025
1.2221417386211089 0.5059464271161257 0.5059464271161257
0.8246197220909289 0.5790341362001349 0.5790341362001349
1.0843168263405325 0.5393033018342184 0.5393033018342184
