1.3930262973316747 0.4975093919041696 0.4975093919041696
1.5573197476716956 0.5561856241684627 0.5561856241684627
1.5809306206467615 0.5646180788024149 0.5646180788024149
1.5345603927429383 0.548057283122478 0.548057283122478
1.4592873294210413 0.5211740462218005 0.5211740462218005
1.369834975380584 0.4892267769216372 0.4892267769216372
1.2558189941887814 0.44850678363885055 0.44850678363885055
1.3223744122569718 0.47227657580606136 0.47227657580606136
1.5012184397679706 0.5361494427742752 0.5361494427742752
1.5086551186256643 0.5388053995091658 0.5388053995091658
1.4388421770574473 0.5138722060919455 0.5138722060919455
1.357034178915963 0.4846550638985583 0.4846550638985583
1.4495126138022156 0.5176830763579342 0.5176830763579342
1.4831084870207094 0.5296816025073963 0.5296816025073963
1.5469415635190495 0.552479129828232 0.552479129828232
1.478686682448371 0.528102386588704 0.528102386588704
1.3806751133562238 0.49309825477007996 0.49309825477007996
1.3101083955056831 0.46789585553774404 0.46789585553774404
1.4277152494269292 0.5098983033667605 0.5098983033667605
1.388616519538856 0.4959344712638772 0.4959344712638772
1.3380333764504475 0.477869063018017 0.477869063018017
1.3692811445625612 0.48902898020091473 0.48902898020091473
1.4837104204039575 0.5298965787156992 0.5298965787156992
1.4319386318907261 0.511406654246688 0.511406654246688
1.4400108247947014 0.514289580283822 0.514289580283822
1.3620393178983292 0.48644261353511764 0.48644261353511764
1.3346513492814598 0.47666119617194996 0.47666119617194996
1.192263744097646 0.4258084800348736 0.4258084800348736
1.295936559298255 0.4628344854636625 0.4628344854636625
1.4402980184597904 0.5143921494499252 0.5143921494499252
1.3462222058063664 0.4807936449308452 0.4807936449308452
1.4271185842930711 0.5096852086760969 0.5096852086760969
1.3977889622008333 0.49921034364315475 0.49921034364315475
1.414142381344098 0.5050508504800351 0.5050508504800351
1.3264545820677636 0.47373377930991556 0.47373377930991556
1.4512610792695537 0.5183075283105549 0.5183075283105549
1.3038478259320785 0.46565993783288523 0.46565993783288523
1.5860446429979815 0.566444515356422 0.566444515356422
1.5966143992612174 0.5702194283075777 0.5702194283075777
1.3110053525651197 0.4682161973446856 0.4682161973446856
1.2552086053840585 0.4482887876371638 0.4482887876371638
1.2049317282845622 0.43033276010162935 0.43033276010162935
1.4047961236830047 0.5017129013153588 0.5017129013153588
1.2038077362117285 0.4299313343613317 0.4299313343613317
1.4940431027525354 0.5335868224116198 0.5335868224116198
1.3717118339429628 0.4898970835510582 0.4898970835510582
1.4889956206191894 0.5317841502211391 0.5317841502211391
1.5187144664634762 0.5423980237369558 0.5423980237369558
1.3572138307038266 0.4847192252513667 0.4847192252513667
1.4385078673977085 0.5137528097848959 0.5137528097848959
1.3012545391733203 0.46473376399047156 0.46473376399047156
1.336197488601425 0.4772133887862232 0.4772133887862232
1.4177883736077486 0.5063529905741959 0.5063529905741959
1.4479006462312078 0.5171073736540028 0.5171073736540028
1.5520890142178665 0.5543175050778095 0.5543175050778095
1.409112965740669 0.5032546306216675 0.5032546306216675
1.3834969485636428 0.49410605305844385 0.49410605305844385
1.2482805089429199 0.44581446747961423 0.44581446747961423
1.5090170481944931 0.5389346600694619 0.5389346600694619
1.5854070390499906 0.5662167996607109 0.5662167996607109
1.3723377491847613 0.4901206247088433 0.4901206247088433
1.3640313303528282 0.48715404655458155 0.48715404655458155
1.4256580228693965 0.5091635795962131 0.5091635795962131
1.3357573321876826 0.4770561900670295 0.4770561900670295
1.4192231869250194 0.5068654239017927 0.5068654239017927
1.497718574883992 0.5348994910299972 0.5348994910299972
1.4717406204438082 0.5256216501585029 0.5256216501585029
1.3704910411287667 0.48946108611741673 0.48946108611741673
1.4014774972598807 0.5005276775928146 0.5005276775928146
1.4096767498877736 0.5034559821027763 0.5034559821027763
1.300163124813942 0.4643439731478365 0.4643439731478365
1.47340842523681 0.5262172947274322 0.5262172947274322
1.3730950303283367 0.49039108226012024 0.49039108226012024
1.406500484156755 0.5023216014845554 0.5023216014845554
1.3958844604847682 0.4985301644588458 0.4985301644588458
1.6066752164837135 0.573812577315612 0.573812577315612
1.4697313034498403 0.5249040369463716 0.5249040369463716
1.5265186544253664 0.5451852337233452 0.5451852337233452
1.47755490409019 0.5276981800322108 0.5276981800322108
1.5672706054288925 0.5597395019388902 0.5597395019388902
1.4878557630593967 0.5313770582354989 0.5313770582354989
1.4139000383409641 0.5049642994074872 0.5049642994074872
1.3514085467436483 0.482645909551303 0.482645909551303
1.4825137032270481 0.5294691797239458 0.5294691797239458
1.3182066552742358 0.4707880911693699 0.4707880911693699
1.5684014997767926 0.560143392777426 0.560143392777426
1.1466119080769965 0.40950425288464165 0.40950425288464165
1.5181403018320525 0.5421929649400188 0.5421929649400188
1.4471701632673306 0.5168464868811895 0.5168464868811895
1.5253373221541264 0.5447633293407594 0.5447633293407594
1.534655386198279 0.5480912093565282 0.5480912093565282
1.5770013905029234 0.5632147823224727 0.5632147823224727
1.3239249759433915 0.47283034855121125 0.47283034855121125
1.6340219382479138 0.5835792636599693 0.5835792636599693
1.3830791558822282 0.4939568413865101 0.4939568413865101
1.6218279133471631 0.579224254766844 0.579224254766844
1.3421266252570574 0.4793309375918062 0.4793309375918062
1.4551575347468402 0.519699119552443 0.519699119552443
1.5953279516001337 0.5697599827143335 0.5697599827143335
1.4029922262858652 0.5010686522449519 0.5010686522449519
1.4275321386253068 0.5098329066518953 0.5098329066518953
1.2971245369997209 0.463258763214186 0.463258763214186
1.2022921759379666 0.4293900628349881 0.4293900628349881
1.182364110354764 0.42227289655527284 0.42227289655527284
1.3842350514000812 0.49436966121431475 0.49436966121431475
1.397060791594717 0.498950282712399 0.498950282712399
1.3777222748189368 0.4920436695781918 0.4920436695781918
1.2442387820567198 0.44437099359168564 0.44437099359168564
1.3461618977528285 0.48077210634029593 0.48077210634029593
1.4657765090781543 0.5234916103850551 0.5234916103850551
1.4800767873222214 0.5285988526150791 0.5285988526150791
1.453208511915983 0.519003039969994 0.519003039969994
1.347470715322652 0.4812395411866614 0.4812395411866614
1.479338162131964 0.5283350579042728 0.5283350579042728
1.3570767561197845 0.48467027004278024 0.48467027004278024
1.4426603057195806 0.5152358234712788 0.5152358234712788
1.365375886722093 0.48763424525789045 0.48763424525789045
1.4034978715094444 0.5012492398248016 0.5012492398248016
1.5403525818690187 0.5501259220960781 0.5501259220960781
1.3577535031700505 0.4849119654178752 0.4849119654178752
1.4769172049261525 0.5274704303307688 0.5274704303307688
1.435171199680667 0.5125611427430954 0.5125611427430954
1.5441844023521198 0.5514944294114714 0.5514944294114714
1.3544352516280476 0.4837268755814456 0.4837268755814456
1.399035415381803 0.4996555054935011 0.4996555054935011
1.3192819967297118 0.4711721416891828 0.4711721416891828
1.6021894840354003 0.572210530012643 0.572210530012643
1.54678322453377 0.5524225801906322 0.5524225801906322
1.6004280542224916 0.5715814479366041 0.5715814479366041
1.2809596276612814 0.45748558130760053 0.45748558130760053
1.6334472591542633 0.5833740211265226 0.5833740211265226
1.5832593044548058 0.5654497515910021 0.5654497515910021
1.3902826979107887 0.49652953496813884 0.49652953496813884
1.3532938153709186 0.4833192197753281 0.4833192197753281
1.3595677674749258 0.4855599169553307 0.4855599169553307
1.4234935759093688 0.5083905628247746 0.5083905628247746
1.3747754667389085 0.4909912381210388 0.4909912381210388
1.3448785878816387 0.4803137813862996 0.4803137813862996
1.330924575837331 0.47533020565618966 0.47533020565618966
1.5833851616844858 0.5654947006016021 0.5654947006016021
1.3015934214507336 0.46485479337526203 0.46485479337526203
1.5236260375813473 0.5441521562790527 0.5441521562790527
1.1849837827543206 0.4232084938408288 0.4232084938408288
1.3396641315058273 0.4784514755377955 0.4784514755377955
1.4555803445280606 0.519850123045736 0.519850123045736
1.4778351689377909 0.5277982746206397 0.5277982746206397
1.3405171878440476 0.4787561385157313 0.4787561385157313
1.4386937759421885 0.5138192056936388 0.5138192056936388
1.1717696304274268 0.418489153724081 0.418489153724081
1.295957008167246 0.4628417886311593 0.4628417886311593
1.4507822281271427 0.5181365100454082 0.5181365100454082
1.4791725290789433 0.5282759032424797 0.5282759032424797
1.328703024240421 0.4745367943715789 0.4745367943715789
1.3906114800118734 0.49664695714709767 0.49664695714709767
1.4239046427616227 0.5085373724148653 0.5085373724148653
1.3827288805107898 0.49383174303956784 0.49383174303956784
1.2947827597201664 0.4624224141857738 0.4624224141857738
1.413437211393039 0.5047990040689425 0.5047990040689425
1.1114916212105537 0.3969612932894835 0.3969612932894835
1.340713301908627 0.4788261792530811 0.4788261792530811
1.437607979879242 0.5134314213854436 0.5134314213854436
1.5032103126170768 0.5368608259346703 0.5368608259346703
1.3017803397444532 0.4649215499087333 0.4649215499087333
1.5246548594896228 0.5445195926748653 0.5445195926748653
1.3407790960393602 0.47884967715691434 0.47884967715691434
1.2909446137377512 0.4610516477634826 0.4610516477634826
1.5843411220351602 0.5658361150125573 0.5658361150125573
1.4813685038198432 0.5290601799356583 0.5290601799356583
1.3120824122123251 0.46860086150440183 0.46860086150440183
1.3570835949468845 0.4846727124810302 0.4846727124810302
1.3233649571087507 0.4726303418245539 0.4726303418245539
1.3013842555550135 0.4647800912696477 0.4647800912696477
1.585419662093654 0.5662213078905908 0.5662213078905908
1.2969104779461955 0.46318231355221273 0.46318231355221273
1.4061134979710614 0.5021833921325219 0.5021833921325219
1.3947031796883818 0.4981082784601364 0.4981082784601364
1.4346735874707235 0.512383424096687 0.512383424096687
1.1843402849203608 0.4229786731858432 0.4229786731858432
1.2047156503080276 0.43025558939572417 0.43025558939572417
1.3564754217501327 0.4844555077679045 0.4844555077679045
1.3303592798818071 0.47512831424350255 0.47512831424350255
1.4034559800347663 0.5012342785838452 0.5012342785838452
1.430841148719633 0.5110146959712976 0.5110146959712976
1.5592144846497464 0.5568623159463381 0.5568623159463381
1.3147950992678603 0.46956967830995017 0.46956967830995017
1.5094794818025972 0.539099814929499 0.539099814929499
1.3931450695770948 0.49755181056324815 0.49755181056324815
1.551675267150422 0.5541697382680079 0.5541697382680079
1.3199367529406012 0.4714059831930719 0.4714059831930719
1.4640491509559923 0.5228746967699973 0.5228746967699973
1.660934461710801 0.593190879182429 0.593190879182429
1.5062029142592934 0.537929612235462 0.537929612235462
1.4525595948260197 0.5187712838664357 0.5187712838664357
1.3601397105731023 0.4857641823475366 0.4857641823475366
1.3522621626572546 0.482950772377591 0.482950772377591
1.281648206801622 0.4577315024291507 0.4577315024291507
1.6870841328647743 0.6025300474517051 0.6025300474517051
1.490982866081126 0.5324938807432593 0.5324938807432593
1.3964496605546655 0.4987320216266663 0.4987320216266663
1.262464303759261 0.4508801084854504 0.4508801084854504
1.2601519400487595 0.45005426430312845 0.45005426430312845
1.4556989719736015 0.519892489990572 0.519892489990572
1.5542566330800132 0.5550916546714333 0.5550916546714333
1.6250136216193356 0.5803620077211913 0.5803620077211913
1.4611455847683414 0.5218377088458362 0.5218377088458362
1.292664842050202 0.46166601501792937 0.46166601501792937
1.2940890121437592 0.46217464719419976 0.46217464719419976
1.358727306621773 0.48525975236491903 0.48525975236491903
1.3471273128576187 0.48111689744914954 0.48111689744914954
1.5079643436453614 0.5385586941590577 0.5385586941590577
1.2553814663960725 0.4483505237128831 0.4483505237128831
1.6566873895269045 0.5916740676881802 0.5916740676881802
1.2226512955927689 0.43666117699741747 0.43666117699741747
1.435183221695666 0.5125654363198807 0.5125654363198807
1.3276407256732516 0.4741574020261613 0.4741574020261613
1.43176552934021 0.5113448319072179 0.5113448319072179
1.3254642006487132 0.47338007166025475 0.47338007166025475
1.3583790161007734 0.48513536289313336 0.48513536289313336
1.2227257827426044 0.4366877795509302 0.4366877795509302
1.4159783766069027 0.5057065630738938 0.5057065630738938
1.1987977241159085 0.4281420443271102 0.4281420443271102
1.2594743785006102 0.44981227803593227 0.44981227803593227
1.3630809173674876 0.48681461334553133 0.48681461334553133
1.4519425615549706 0.518550914841061 0.518550914841061
1.4273393239213166 0.5097640442576131 0.5097640442576131
1.1900238475541725 0.425008516983633 0.425008516983633
1.4842513292143809 0.5300897604337075 0.5300897604337075
1.3001206055020353 0.46432878767929836 0.46432878767929836
1.3639465360359284 0.4871237628699745 0.4871237628699745
1.2919687076758164 0.4614173955985059 0.4614173955985059
1.3019548173969961 0.4649838633560701 0.4649838633560701
1.398545197662679 0.4994804277366711 0.4994804277366711
1.316335196189443 0.4701197129248011 0.4701197129248011
1.086059155727679 0.38787826990274255 0.38787826990274255
1.5224602630013269 0.5437358082147596 0.5437358082147596
1.3749546777493293 0.4910552420533319 0.4910552420533319
1.2817107263862362 0.4577538308522272 0.4577538308522272
1.3824769568333455 0.4937417702976234 0.4937417702976234
1.3959904930655695 0.49856803323770343 0.49856803323770343
1.2741887164160135 0.45506739872000485 0.45506739872000485
1.3433075672770753 0.47975270259895547 0.47975270259895547
1.2484615118633189 0.4458791113797568 0.4458791113797568
1.4070245479617174 0.5025087671291848 0.5025087671291848
1.4473138449486735 0.5168978017673834 0.5168978017673834
1.4121727032630425 0.5043473940225152 0.5043473940225152
1.432800816152238 0.5117145771972279 0.5117145771972279
1.3047573715609126 0.46598477555746887 0.46598477555746887
1.3655980233044218 0.48771357975157925 0.48771357975157925
1.3450018533592543 0.4803578047711623 0.4803578047711623
1.3937828318098258 0.4977795827892235 0.4977795827892235
1.145353312226114 0.4090547543664693 0.4090547543664693
1.487487011418846 0.5312453612210165 0.5312453612210165
1.2822225053341554 0.45793660904791267 0.45793660904791267
1.4221431737538437 0.5079082763406585 0.5079082763406585
1.2714870312696054 0.45410251116771627 0.45410251116771627
1.4841350479221844 0.5300482314007802 0.5300482314007802
1.2805608452033805 0.45734315900120737 0.45734315900120737
1.337954483775472 0.4778408870626686 0.4778408870626686
1.3777841012339402 0.49206575044069295 0.49206575044069295
1.1799206363503 0.42140022726796433 0.42140022726796433
1.2930759563357772 0.4618128415484919 0.4618128415484919
1.4253100534519259 0.5090393048042593 0.5090393048042593
1.4805179168406555 0.5287563988716627 0.5287563988716627
1.3248567974021195 0.4731631419293284 0.4731631419293284
1.1525783747500193 0.4116351338392926 0.4116351338392926
1.2697888231124306 0.45349600825443953 0.45349600825443953
1.307259306849257 0.4668783238747347 0.4668783238747347
1.5453570349169645 0.5519132267560588 0.5519132267560588
1.6424791349378334 0.5865996910492263 0.5865996910492263
1.3775907708695925 0.49199670388199734 0.49199670388199734
1.4838532242841278 0.5299475801014742 0.5299475801014742
1.2142923176827272 0.4336758277438312 0.4336758277438312
1.5392750014373067 0.5497410719418953 0.5497410719418953
1.5254314059329555 0.5447969306903413 0.5447969306903413
1.3316360284597992 0.47558429587849976 0.47558429587849976
1.4581363490373866 0.5207629817990667 0.5207629817990667
1.2517934081634365 0.4470690743440845 0.4470690743440845
1.4493587957402645 0.5176281413358088 0.5176281413358088
1.395621470814051 0.49843623957644684 0.49843623957644684
1.3062912603803247 0.4665325929929731 0.4665325929929731
1.323262902411149 0.47259389371826754 0.47259389371826754
1.5358371202426775 0.5485132572295277 0.5485132572295277
1.4721591140381345 0.5257711121564766 0.5257711121564766
1.7195385249832378 0.6141209017797278 0.6141209017797278
1.5042326487297613 0.5372259459749148 0.5372259459749148
1.3950444033833973 0.49823014406549904 0.49823014406549904
1.497409496767044 0.53478910598823 0.53478910598823
1.4724243155690522 0.5258658269889472 0.5258658269889472
1.2765558426164603 0.45591280093445014 0.45591280093445014
1.3317978011109244 0.47564207182533014 0.47564207182533014
1.5128666224938498 0.5403095080335178 0.5403095080335178
1.2834537645519695 0.45837634448284625 0.45837634448284625
1.4382009810353407 0.5136432075126217 0.5136432075126217
1.4859407307900567 0.530693118139306 0.530693118139306
1.569132548715878 0.5604044816842422 0.5604044816842422
1.4938323098723827 0.5335115392401367 0.5335115392401367
1.464646591524925 0.5230880684017589 0.5230880684017589
1.356649985960418 0.4845178521287207 0.4845178521287207
1.399849924842989 0.49994640172963895 0.49994640172963895
1.307445525307989 0.46694483046713897 0.46694483046713897
1.4119345544173927 0.5042623408633545 0.5042623408633545
1.3507939748421898 0.48242641958649635 0.48242641958649635
1.2907766122969486 0.46099164724891023 0.46099164724891023
1.3768394780353082 0.49172838501261007 0.49172838501261007
1.6675391077088284 0.5955496813245816 0.5955496813245816
1.3771200539109472 0.4918285906824812 0.4918285906824812
1.3234614124518254 0.47266479016136626 0.47266479016136626
1.4430885325944776 0.5153887616408849 0.5153887616408849
1.3311711667090549 0.47541827382466245 0.47541827382466245
1.3786757291772627 0.4923841889918795 0.4923841889918795
1.5447452178025554 0.5516947206437698 0.5516947206437698
1.4261037633988536 0.5093227726424477 0.5093227726424477
1.4010880667301728 0.5003885952607761 0.5003885952607761
1.5624021058561064 0.5580007520914666 0.5580007520914666
1.4985320955191206 0.5351900341139717 0.5351900341139717
1.4844834787617749 0.5301726709863482 0.5301726709863482
1.1724673372704986 0.4187383347394638 0.4187383347394638
1.33943029115612 0.47836796112718577 0.47836796112718577
1.3119120983289685 0.46854003511748876 0.46854003511748876
1.6005266865945287 0.5716166737837602 0.5716166737837602
1.4399030119442626 0.5142510756943796 0.5142510756943796
1.4026351309451357 0.5009411181946913 0.5009411181946913
1.1101864103652517 0.39649514655901846 0.39649514655901846
1.3392883032398082 0.4783172511570744 0.4783172511570744
1.600919689954047 0.5717570321264454 0.5717570321264454
1.380091356230719 0.4928897700823997 0.4928897700823997
1.3525248618642185 0.4830445935229352 0.4830445935229352
1.3472607637294391 0.4811645584747997 0.4811645584747997
1.5280090824110297 0.5457175294325106 0.5457175294325106
1.3821251232522638 0.4936161154472371 0.4936161154472371
1.3923351291083335 0.4972625461101191 0.4972625461101191
1.3836147404509687 0.4941481215896317 0.4941481215896317
1.353886006740559 0.48353071669305675 0.48353071669305675
1.3952556689454925 0.4983055960519616 0.4983055960519616
1.279282152730197 0.4568864831179275 0.4568864831179275
1.4046591716566668 0.501663989877381 0.501663989877381
1.5361610823413616 0.5486289579790578 0.5486289579790578
1.4628893503435694 0.5224604822655605 0.5224604822655605
1.1812189470623302 0.421863909665118 0.421863909665118
1.3983658395944845 0.4994163712837445 0.4994163712837445
1.4580389301653107 0.5207281893447538 0.5207281893447538
1.2818872307162126 0.4578168681129331 0.4578168681129331
1.421219722275843 0.5075784722413725 0.5075784722413725
1.4176020347606944 0.5062864409859623 0.5062864409859623
1.318345632980018 0.4708377260642922 0.4708377260642922
1.3353546533015803 0.47691237617913584 0.47691237617913584
1.3852802454337165 0.49474294479775593 0.49474294479775593
1.285195007809561 0.4589982170748433 0.4589982170748433
1.5318431916635253 0.5470868541655448 0.5470868541655448
1.3350557237658274 0.47680561563065266 0.47680561563065266
1.4601388611190935 0.5214781646853905 0.5214781646853905
1.3808309072128677 0.49315389543316707 0.49315389543316707
1.4757871593255145 0.5270668426162552 0.5270668426162552
1.6046785707350768 0.5730994895482417 0.5730994895482417
1.2531946989825193 0.44756953535089977 0.44756953535089977
1.1990587964842234 0.4282352844586512 0.4282352844586512
1.3648432554422776 0.4874440198008135 0.4874440198008135
1.3965625327190274 0.49877233311393837 0.49877233311393837
1.476734245438251 0.5274050876565183 0.5274050876565183
1.3925032511615276 0.4973225897005456 0.4973225897005456
1.3046084007950285 0.4659315717125102 0.4659315717125102
1.2363011194194418 0.4415361140783721 0.4415361140783721
1.3466891364263975 0.4809604058665706 0.4809604058665706
1.6256837257115897 0.580601330611282 0.580601330611282
1.410354711397838 0.5036981112135136 0.5036981112135136
1.418452020311868 0.5065900072542386 0.5065900072542386
1.436091867173842 0.5128899525620865 0.5128899525620865
1.4386822247585003 0.513815080270893 0.513815080270893
1.3056432483043345 0.46630116010869094 0.46630116010869094
1.189311698633224 0.4247541780832943 0.4247541780832943
1.1881666340276322 0.4243452264384401 0.4243452264384401
1.508654310159137 0.5388051107711204 0.5388051107711204
1.378193899940841 0.49221210712172897 0.49221210712172897
1.556174898304595 0.5557767493944983 0.5557767493944983
1.2342998399012615 0.4408213713933077 0.4408213713933077
1.4399251406970166 0.5142589788203631 0.5142589788203631
1.5905400247517538 0.5680500088399121 0.5680500088399121
1.4894524079487304 0.531947288553118 0.531947288553118
1.505527501858438 0.5376883935208707 0.5376883935208707
1.4089110726303549 0.5031825259394125 0.5031825259394125
1.159766684373145 0.4142023872761232 0.4142023872761232
1.4552838213643837 0.5197442219158513 0.5197442219158513
1.0850150415633464 0.3875053719869095 0.3875053719869095
1.4487660290506659 0.5174164389466664 0.5174164389466664
1.4323972718948177 0.5115704542481492 0.5115704542481492
1.3260042430315753 0.47357294393984833 0.47357294393984833
1.193694358886471 0.42631941388802536 0.42631941388802536
1.3530988704219575 0.4832495965792706 0.4832495965792706
1.3408963234232643 0.4788915440797373 0.4788915440797373
1.585668962587793 0.5663103437813547 0.5663103437813547
1.4762967249872156 0.5272488303525771 0.5272488303525771
1.4310811522683995 0.5111004115244284 0.5111004115244284
1.3653652714595284 0.48763045409268874 0.48763045409268874
1.467233671842034 0.5240120256578693 0.5240120256578693
1.3769262297463667 0.4917593677665596 0.4917593677665596
1.246540891241979 0.44519317544356396 0.44519317544356396
1.4769284738308162 0.5274744549395772 0.5274744549395772
1.3998806368355539 0.4999573702984121 0.4999573702984121
1.3471434401814602 0.48112265720766434 0.48112265720766434
1.2533322984338022 0.4476186780120722 0.4476186780120722
1.4247963257639866 0.5088558306299953 0.5088558306299953
1.3745174637284816 0.49089909418874345 0.49089909418874345
1.3364639604721613 0.4773085573114862 0.4773085573114862
1.4870488430445867 0.5310888725159238 0.5310888725159238
1.370486457745603 0.48945944919485823 0.48945944919485823
1.4008924840370574 0.5003187442989491 0.5003187442989491
1.3668113247171072 0.48814690168468117 0.48814690168468117
1.2706802067792042 0.4538143595640015 0.4538143595640015
1.392491056711079 0.4973182345396711 0.4973182345396711
1.337201128989497 0.4775718317819632 0.4775718317819632
1.417106797221527 0.5061095704362597 0.5061095704362597
1.5231782471079545 0.5439922311099837 0.5439922311099837
1.396743165893061 0.4988368449618075 0.4988368449618075
1.6779722851495977 0.5992758161248564 0.5992758161248564
1.2849686525318367 0.45891737590422743 0.45891737590422743
1.256863438247487 0.44887979937410255 0.44887979937410255
1.3279871211635015 0.47428111470125056 0.47428111470125056
1.4855105726873388 0.5305394902454782 0.5305394902454782
1.2934910453211779 0.4619610876147064 0.4619610876147064
1.2521652306109077 0.4472018680753242 0.4472018680753242
1.3461720163561015 0.4807757201271792 0.4807757201271792
1.443196795625702 0.5154274270091793 0.5154274270091793
1.4081802720878283 0.502921525745653 0.502921525745653
1.1981694651522052 0.42791766612578763 0.42791766612578763
1.355261739685701 0.4840220498877504 0.4840220498877504
1.4718582936865316 0.5256636763166185 0.5256636763166185
1.4831701217929474 0.5297036149260527 0.5297036149260527
1.4047559876563898 0.5016985670201393 0.5016985670201393
1.4846240809936218 0.5302228860691507 0.5302228860691507
1.522552784947175 0.5437688517668482 0.5437688517668482
1.511411813795196 0.5397899334982843 0.5397899334982843
1.453219701026677 0.5190070360809561 0.5190070360809561
1.4451272770317198 0.5161168846541857 0.5161168846541857
1.4123498436504767 0.5044106584465988 0.5044106584465988
1.314588049233565 0.4694957318691304 0.4694957318691304
1.4403075971101382 0.514395570396478 0.514395570396478
1.3390113515996207 0.47821833985700746 0.47821833985700746
1.4424652683585697 0.5151661672709178 0.5151661672709178
1.4212956173466793 0.5076055776238141 0.5076055776238141
1.3397300165593464 0.4784750059140523 0.4784750059140523
1.2517757643338492 0.44706277297637476 0.44706277297637476
1.5761409150708594 0.5629074696681641 0.5629074696681641
1.4517420157805472 0.5184792913501954 0.5184792913501954
1.2855280551548944 0.4591171625553195 0.4591171625553195
1.343819300083006 0.47993546431535933 0.47993546431535933
1.454137236564141 0.5193347273443361 0.5193347273443361
1.3325886954472999 0.4759245340883214 0.4759245340883214
1.5434829940822072 0.5512439264579312 0.5512439264579312
1.4186721686197927 0.506668631649926 0.506668631649926
1.3943749393746563 0.497991049776663 0.497991049776663
1.3402726333271862 0.4786687976168522 0.4786687976168522
1.527009467563586 0.5453605241298521 0.5453605241298521
1.3488803958294617 0.48174299851052205 0.48174299851052205
1.2811629698689473 0.45755820352462406 0.45755820352462406
1.2792470003831045 0.4568739287082516 0.4568739287082516
1.2668502886629929 0.45244653166535465 0.45244653166535465
1.2459852153475894 0.4449947197669963 0.4449947197669963
1.5265982469071888 0.5452136596097104 0.5452136596097104
1.4224858960413815 0.5080306771576363 0.5080306771576363
1.558626078640702 0.5566521709431079 0.5566521709431079
1.334545618555542 0.4766234351984079 0.4766234351984079
1.4894814812813075 0.5319576718861813 0.5319576718861813
1.3310495584966588 0.47537484232023536 0.47537484232023536
1.4155890112586107 0.5055675040209324 0.5055675040209324
1.530794094045408 0.5467121764447885 0.5467121764447885
1.5526475498657901 0.5545169820949251 0.5545169820949251
1.498227678916154 0.5350813138986265 0.5350813138986265
1.397858377017273 0.4992351346490261 0.4992351346490261
1.2477740927429832 0.4456336045510655 0.4456336045510655
1.3023097963884067 0.46511064156728815 0.46511064156728815
1.5431694449352766 0.5511319446197417 0.5511319446197417
1.4911976735005308 0.532570597678761 0.532570597678761
1.6249411060727559 0.5803361093116985 0.5803361093116985
1.4869335686393452 0.5310477030854804 0.5310477030854804
1.361947874520413 0.4864099551858618 0.4864099551858618
1.2731529017050915 0.4546974648946756 0.4546974648946756
1.383384659017112 0.4940659496489686 0.4940659496489686
1.299440099893937 0.4640857499621204 0.4640857499621204
1.3210893222178455 0.47181761507780196 0.47181761507780196
1.3867390763966327 0.4952639558559403 0.4952639558559403
1.5146461212816034 0.5409450433148584 0.5409450433148584
1.4203786191414232 0.507278078264794 0.507278078264794
1.4172294674735455 0.506153381240552 0.506153381240552
1.4708540641388737 0.5253050229067406 0.5253050229067406
1.4436141790573305 0.5155764925204752 0.5155764925204752
1.5585184015495714 0.5566137148391327 0.5566137148391327
1.2497037919317207 0.4463227828327574 0.4463227828327574
1.452745420799115 0.5188376502853983 0.5188376502853983
1.5055760382781638 0.5377057279564871 0.5377057279564871
1.423688913454323 0.5084603262336868 0.5084603262336868
1.4280777909319824 0.510027782475708 0.510027782475708
1.5144631534150528 0.5408796976482332 0.5408796976482332
1.3350409984076688 0.4768003565741674 0.4768003565741674
1.644191745876552 0.5872113378130543 0.5872113378130543
1.3759240083910094 0.49140143156821764 0.49140143156821764
1.4284963972550495 0.5101772847339463 0.5101772847339463
1.1952402803768643 0.42687152870602296 0.42687152870602296
1.4641821869130665 0.5229222096118095 0.5229222096118095
1.4068263009289086 0.5024379646174674 0.5024379646174674
1.3704370341522611 0.48944179791152187 0.48944179791152187
1.2675884844221903 0.4527101730079251 0.4527101730079251
1.4561729781799568 0.5200617779214132 0.5200617779214132
1.2310432569912475 0.4396583060683027 0.4396583060683027
1.4696779669643352 0.5248849882015483 0.5248849882015483
1.4803226697130847 0.5286866677546731 0.5286866677546731
1.2793409817826287 0.456907493493796 0.456907493493796
1.448997193418766 0.5174989976495593 0.5174989976495593
1.2671008998013997 0.4525360356433571 0.4525360356433571
1.2043101876951612 0.4301107813197005 0.4301107813197005
1.5261091802618187 0.5450389929506496 0.5450389929506496
1.3288700274880436 0.474596438388587 0.474596438388587
1.3957776065028957 0.49849200232246277 0.49849200232246277
1.2034482307201477 0.42980293954290993 0.42980293954290993
1.505709763641125 0.5377534870146875 0.5377534870146875
1.3245846691190486 0.47306595325680306 0.47306595325680306
1.3921848913064443 0.4972088897523016 0.4972088897523016
1.4205373176461056 0.5073347563021806 0.5073347563021806
1.6344699942863785 0.5837392836737066 0.5837392836737066
1.256989765934152 0.44892491640505433 0.44892491640505433
1.5464732128366432 0.5523118617273726 0.5523118617273726
1.3301674167747624 0.4750597917052723 0.4750597917052723
1.434224758878639 0.5122231281709425 0.5122231281709425
1.3106286915997771 0.468081675571349 0.468081675571349
1.2431385273362028 0.4439780454772153 0.4439780454772153
1.52309265824168 0.5439616636577429 0.5439616636577429
1.4273741007683227 0.5097764645601153 0.5097764645601153
1.4736178833603697 0.526292101200132 0.526292101200132
1.4983918814003552 0.535139957642984 0.535139957642984
1.4018729013100548 0.5006688933250196 0.5006688933250196
1.297546265135022 0.46340938040536506 0.46340938040536506
1.0795512315393756 0.38555401126406275 0.38555401126406275
1.3236813745893292 0.4727433480676176 0.4727433480676176
1.2434095439413073 0.4440748371218955 0.4440748371218955
1.4268658681944109 0.5095949529265753 0.5095949529265753
1.3832464392496007 0.49401658544628596 0.49401658544628596
1.44161838697028 0.5148637096322429 0.5148637096322429
1.3850453324145073 0.4946590472908955 0.4946590472908955
1.216087004614902 0.434316787362465 0.434316787362465
1.4559689262472097 0.5199889022311464 0.5199889022311464
1.5616270454960273 0.5577239448200098 0.5577239448200098
1.405258157469613 0.5018779133820047 0.5018779133820047
1.3201099100407918 0.4714678250145685 0.4714678250145685
1.5276487247644508 0.5455888302730182 0.5455888302730182
1.2323867039636762 0.4401381085584558 0.4401381085584558
1.652771878990127 0.5902756710679025 0.5902756710679025
1.3676363014907125 0.488441536246683 0.488441536246683
1.2969985382271245 0.46321376365254446 0.46321376365254446
1.47215893819625 0.5257710493558037 0.5257710493558037
1.3838668367778912 0.4942381559921041 0.4942381559921041
1.4706565364421906 0.5252344773007824 0.5252344773007824
1.4372827496832192 0.5133152677440069 0.5133152677440069
1.6227977165761343 0.5795706130629051 0.5795706130629051
1.3974465649232228 0.49908805890115104 0.49908805890115104
1.5881498487633856 0.567196374558352 0.567196374558352
1.4687087484351233 0.5245388387268298 0.5245388387268298
1.326574559139375 0.4737766282640625 0.4737766282640625
1.4553110172029031 0.5197539347153226 0.5197539347153226
1.3952020102138456 0.4982864322192306 0.4982864322192306
1.2946673229630918 0.4623811867725328 0.4623811867725328
1.2637093992744537 0.4513247854551621 0.4513247854551621
1.515872027797284 0.5413828670704586 0.5413828670704586
1.275991233039907 0.4557111546571097 0.4557111546571097
1.539173168896822 0.5497047031774365 0.5497047031774365
1.5165911722102823 0.5416397043608151 0.5416397043608151
1.5276468186726886 0.5455881495259602 0.5455881495259602
1.5628267622054912 0.5581524150733898 0.5581524150733898
1.3364705829541277 0.47731092248361706 0.47731092248361706
1.3619483264162504 0.4864101165772323 0.4864101165772323
1.3864096234162069 0.4951462940772168 0.4951462940772168
1.275565384618771 0.45555906593527534 0.45555906593527534
1.2576382319677777 0.4491565114170635 0.4491565114170635
1.438842268349573 0.5138722386962761 0.5138722386962761
1.2704641680574495 0.45373720287766056 0.45373720287766056
1.4014859213302844 0.5005306861893873 0.5005306861893873
1.3095253143935868 0.46768761228342387 0.46768761228342387
1.619289712083386 0.578317754315495 0.578317754315495
1.1753761927853967 0.4197772117090703 0.4197772117090703
1.272529788712574 0.454474924540205 0.454474924540205
1.552813320597381 0.5545761859276361 0.5545761859276361
1.2096321274021689 0.4320114740722032 0.4320114740722032
1.5548091887776587 0.555288995992021 0.555288995992021
1.4769355042561123 0.5274769658057544 0.5274769658057544
1.3748230082348898 0.49100821722674637 0.49100821722674637
1.1844354796920142 0.4230126713185765 0.4230126713185765
1.3480641191207674 0.4814514711145598 0.4814514711145598
1.3312156012953387 0.47543414331976386 0.47543414331976386
1.232290747951187 0.44010383855399543 0.44010383855399543
1.4272997653544501 0.5097499161980179 0.5097499161980179
1.3619318705609718 0.4864042394860614 0.4864042394860614
1.5925676542317488 0.5687741622256246 0.5687741622256246
1.2094483104402691 0.431945825157239 0.431945825157239
1.6172589122212275 0.5775924686504385 0.5775924686504385
1.2624288456176158 0.4508674448634342 0.4508674448634342
1.434324253393635 0.5122586619262982 0.5122586619262982
1.4484952638598545 0.5173197370928052 0.5173197370928052
1.4029537266579963 0.5010549023778559 0.5010549023778559
1.50567681386443 0.5377417192372965 0.5377417192372965
1.2634679676635587 0.4512385598798424 0.4512385598798424
1.5029268131834683 0.536759576136953 0.536759576136953
1.3760419475542474 0.49144355269794554 0.49144355269794554
1.3953335984967081 0.4983334280345386 0.4983334280345386
1.3880483285571863 0.49573154591328084 0.49573154591328084
1.6016451514856693 0.5720161255305962 0.5720161255305962
1.4554939010869763 0.5198192503882059 0.5198192503882059
1.3283066284086333 0.47439522443165477 0.47439522443165477
1.361441685032269 0.4862291732258104 0.4862291732258104
1.32578298540995 0.4734939233606965 0.4734939233606965
1.5494480871856031 0.5533743168520011 0.5533743168520011
1.6221052922897683 0.5793233186749173 0.5793233186749173
1.4449045444871809 0.5160373373168503 0.5160373373168503
1.0817464425553809 0.3863380151983503 0.3863380151983503
1.3173564496642733 0.4704844463086691 0.4704844463086691
1.2931406933360765 0.4618359619057416 0.4618359619057416
1.420868890160391 0.5074531750572825 0.5074531750572825
1.6141702308957337 0.5764893681770478 0.5764893681770478
1.3988818678400856 0.49960066708574485 0.49960066708574485
1.3920046233964176 0.4971445083558635 0.4971445083558635
1.4573274529544282 0.5204740903408672 0.5204740903408672
1.3487389396367389 0.4816924784416925 0.4816924784416925
1.2356668290796207 0.44130958181415025 0.44130958181415025
1.3655774031869858 0.4877062154239235 0.4877062154239235
1.3350447623009818 0.47680170082177925 0.47680170082177925
1.343723041262635 0.47990108616522686 0.47990108616522686
1.3274337650122363 0.4740834875043701 0.4740834875043701
1.3011093974394359 0.46468192765694144 0.46468192765694144
1.3878116520797557 0.4956470185999127 0.4956470185999127
1.4244596514328458 0.5087355897974449 0.5087355897974449
1.487316975182506 0.5311846339937522 0.5311846339937522
1.3751005901493791 0.4911073536247783 0.4911073536247783
1.3849585525227985 0.4946280544724281 0.4946280544724281
1.3549495559311089 0.4839105556896818 0.4839105556896818
1.4903951928698167 0.532283997453506 0.532283997453506
1.3759665783558792 0.4914166351270997 0.4914166351270997
1.413975085388136 0.5049911019243344 0.5049911019243344
1.4282697559926592 0.5100963414259497 0.5100963414259497
1.2339392063531256 0.4406925736975449 0.4406925736975449
1.5157110346788663 0.5413253695281666 0.5413253695281666
1.303704546955823 0.46560876676993684 0.46560876676993684
1.3291457936066375 0.47469492628808485 0.47469492628808485
1.2871866151486662 0.4597095054102379 0.4597095054102379
1.4032566588178859 0.5011630924349593 0.5011630924349593
1.411633749636658 0.5041549105845208 0.5041549105845208
1.42632217775858 0.5094007777709214 0.5094007777709214
1.343169457617219 0.4797033777204354 0.4797033777204354
1.3313126870950456 0.4754688168196592 0.4754688168196592
1.2638506079599068 0.4513752171285382 0.4513752171285382
1.346377381555694 0.48084906484131934 0.48084906484131934
1.2050895864508475 0.43038913801815987 0.43038913801815987
1.5059041746151893 0.5378229195054248 0.5378229195054248
1.1518285848544427 0.41136735173372957 0.41136735173372957
1.556550616495698 0.5559109344627493 0.5559109344627493
1.3763904232209927 0.4915680082932117 0.4915680082932117
1.3188775557054135 0.4710276984662191 0.4710276984662191
1.5252313037149052 0.5447254656124662 0.5447254656124662
1.434533518447841 0.5123333994456575 0.5123333994456575
1.3396069625075941 0.4784310580384265 0.4784310580384265
1.2428149199720975 0.4438624714186063 0.4438624714186063
1.35888086484811 0.48531459458861076 0.48531459458861076
1.3996693536335274 0.4998819120119741 0.4998819120119741
1.2419861797181504 0.4435664927564823 0.4435664927564823
1.3776263900182648 0.49200942500652317 0.49200942500652317
1.405561959324829 0.5019864140445818 0.5019864140445818
1.3875228891249818 0.49554388897320784 0.49554388897320784
1.5222091664361437 0.5436461308700513 0.5436461308700513
1.4181168107865216 0.5064702895666149 0.5064702895666149
1.3841433892479593 0.4943369247314141 0.4943369247314141
1.1508113807079283 0.4110040645385459 0.4110040645385459
1.5552427137148146 0.5554438263267195 0.5554438263267195
1.3341302963876414 0.4764751058527291 0.4764751058527291
1.3226648923989845 0.4723803187139231 0.4723803187139231
1.560638129857201 0.5573707606632861 0.5573707606632861
1.4696793937298511 0.5248854977606612 0.5248854977606612
1.3532825948601857 0.4833152124500663 0.4833152124500663
1.1303881417156376 0.40371005061272774 0.40371005061272774
1.442062610664013 0.5150223609514333 0.5150223609514333
1.076401314900218 0.38442904103579223 0.38442904103579223
1.4132341284781724 0.5047264744564902 0.5047264744564902
1.3118883869628386 0.4685315667724424 0.4685315667724424
1.4646820143680308 0.5231007194171539 0.5231007194171539
1.425685760767875 0.5091734859885269 0.5091734859885269
1.2398917644733405 0.4428184873119073 0.4428184873119073
1.4195056929909846 0.5069663189253517 0.5069663189253517
1.5003132547763867 0.5358261624201381 0.5358261624201381
1.3133902164276232 0.46906793443843686 0.46906793443843686
1.4205406983427622 0.5073359636938437 0.5073359636938437
1.482087104545445 0.5293168230519446 0.5293168230519446
1.2998606173913876 0.46423593478263847 0.46423593478263847
1.2993432288350313 0.4640511531553684 0.4640511531553684
1.3872305598341679 0.49543948565506 0.49543948565506
1.3784494335735604 0.4923033691334145 0.4923033691334145
1.6597858873654978 0.5927806740591064 0.5927806740591064
1.3369738670639895 0.4774906668085677 0.4774906668085677
1.4498236846287194 0.5177941730816855 0.5177941730816855
1.3627599363873422 0.4866999772811937 0.4866999772811937
1.2209511810489284 0.4360539932317602 0.4360539932317602
1.344887787743213 0.4803170670511475 0.4803170670511475
1.5161620092936123 0.5414864318905759 0.5414864318905759
1.1938910835656733 0.4263896727020262 0.4263896727020262
1.4191799446706868 0.506849980239531 0.506849980239531
1.5348905042592467 0.5481751800925881 0.5481751800925881
1.3182381640034553 0.47079934428694836 0.47079934428694836
1.2285933730053675 0.438783347501917 0.438783347501917
1.5046198674263402 0.5373642383665501 0.5373642383665501
1.3963260069744425 0.49868785963372947 0.49868785963372947
1.1590459716538222 0.4139449898763651 0.4139449898763651
1.4103775463087413 0.5037062665388362 0.5037062665388362
1.401539371247093 0.5005497754453904 0.5005497754453904
1.4119767848652696 0.5042774231661677 0.5042774231661677
1.6583477775603894 0.5922670634144248 0.5922670634144248
1.4440294004511105 0.5157247858753966 0.5157247858753966
1.4190804564622694 0.5068144487365248 0.5068144487365248
1.5555930667575872 0.5555689524134241 0.5555689524134241
1.438927694718641 0.5139027481138003 0.5139027481138003
1.3901957456907517 0.49649848060383994 0.49649848060383994
1.4428157763182257 0.5152913486850806 0.5152913486850806
1.5769401850257756 0.5631929232234913 0.5631929232234913
1.3941339088352491 0.4979049674411604 0.4979049674411604
1.0949479828853026 0.3910528510304653 0.3910528510304653
1.2010668343249318 0.4289524408303328 0.4289524408303328
1.3621422354870354 0.4864793698167984 0.4864793698167984
1.2797978618007027 0.4570706649288224 0.4570706649288224
1.2389252077801478 0.44247328849290996 0.44247328849290996
1.4861938139141877 0.5307835049693528 0.5307835049693528
1.3957538113867345 0.4984835040666909 0.4984835040666909
1.3452721435429642 0.48045433697963014 0.48045433697963014
1.317147802905266 0.47040992960902356 0.47040992960902356
1.284311753667372 0.45868276916691864 0.45868276916691864
1.35579352363908 0.48421197272824285 0.48421197272824285
1.29090923878282 0.46103901385100715 0.46103901385100715
1.3997584739734619 0.4999137407048079 0.4999137407048079
1.4669427994566837 0.5239081426631014 0.5239081426631014
1.1797745554526757 0.4213480555188128 0.4213480555188128
1.4283902174961276 0.5101393633914741 0.5101393633914741
1.2922405272019986 0.46151447400071377 0.46151447400071377
1.461782292026837 0.522065104295299 0.522065104295299
1.4664251335701914 0.5237232619893541 0.5237232619893541
1.4046736582024935 0.5016691636437477 0.5016691636437477
1.261985976377667 0.45070927727773824 0.45070927727773824
1.469799053352342 0.5249282333401222 0.5249282333401222
1.3179683051277575 0.47070296611705625 0.47070296611705625
1.4263068995972914 0.509395321284747 0.509395321284747
1.4347875636806713 0.5124241298859541 0.5124241298859541
1.3976213774495136 0.49915049194625494 0.49915049194625494
1.466609272095852 0.5237890257485186 0.5237890257485186
1.1974834213054784 0.4276726504662423 0.4276726504662423
1.4436044293228325 0.5155730104724402 0.5155730104724402
1.549144148797316 0.5532657674276129 0.5532657674276129
1.3746501183676363 0.4909464708455844 0.4909464708455844
1.5968094754972524 0.5702890983918759 0.5702890983918759
1.4204887921226779 0.5073174257580992 0.5073174257580992
1.3218886448276557 0.4721030874384485 0.4721030874384485
1.2206248338866967 0.4359374406738203 0.4359374406738203
1.6007679247476285 0.5717028302670102 0.5717028302670102
1.3436170791649888 0.47986324255892465 0.47986324255892465
1.466166912243955 0.5236310400871268 0.5236310400871268
1.5171237104487194 0.5418298965888284 0.5418298965888284
1.4342074242516452 0.5122169372327304 0.5122169372327304
1.5090836945048682 0.5389584623231672 0.5389584623231672
1.4282604659166058 0.510093023541645 0.510093023541645
1.4459563265774658 0.5164129737776664 0.5164129737776664
1.5010382299594767 0.5360850821283846 0.5360850821283846
1.4433999645384679 0.5154999873351671 0.5154999873351671
1.3106281278162701 0.4680814742200965 0.4680814742200965
1.4251815884210395 0.5089934244360855 0.5089934244360855
1.355479310645806 0.4840997538020736 0.4840997538020736
1.5739356637631996 0.5621198799154284 0.5621198799154284
1.4351463952102497 0.5125522840036606 0.5125522840036606
1.504285411225344 0.5372447897233372 0.5372447897233372
1.613413469372169 0.5762190962043461 0.5762190962043461
1.4853481621572011 0.5304814864847147 0.5304814864847147
1.6129380738284922 0.5760493120816044 0.5760493120816044
1.4121305477996755 0.5043323384998841 0.5043323384998841
1.4508920225638018 0.5181757223442149 0.5181757223442149
1.5868266416271473 0.566723800581124 0.566723800581124
1.2140099934942405 0.4335749976765145 0.4335749976765145
1.6315814729620195 0.582707668915007 0.582707668915007
1.257914093650924 0.44925503344675866 0.44925503344675866
1.4193507916597048 0.5069109970213231 0.5069109970213231
1.181013808630752 0.42179064593955434 0.42179064593955434
1.5013746377235708 0.5362052277584182 0.5362052277584182
1.4757076125732373 0.5270384330618705 0.5270384330618705
1.463498649855318 0.5226780892340421 0.5226780892340421
1.6176361561474282 0.5777271986240815 0.5777271986240815
1.3755528371461019 0.4912688704093221 0.4912688704093221
1.2458494449477815 0.44494623033849345 0.44494623033849345
1.3840616085660746 0.49430771734502665 0.49430771734502665
1.3460210431265351 0.4807218011166197 0.4807218011166197
1.2324037236705085 0.44014418702518165 0.44014418702518165
1.4489129728686108 0.5174689188816467 0.5174689188816467
1.368489612725294 0.48874629025903354 0.48874629025903354
1.3307175898235315 0.4752562820798327 0.4752562820798327
1.579204110463441 0.5640014680226575 0.5640014680226575
1.2565170545959774 0.4487560909271348 0.4487560909271348
1.4524946169655883 0.5187480774877101 0.5187480774877101
1.4174735276237904 0.5062405455799251 0.5062405455799251
1.2325292463456319 0.4401890165520114 0.4401890165520114
1.3721483322709762 0.490052975811063 0.490052975811063
1.368717202882051 0.48882757245787534 0.48882757245787534
1.2886801677441524 0.460242917051483 0.460242917051483
1.3194925583292632 0.4712473422604511 0.4712473422604511
1.1745254124528792 0.419473361590314 0.419473361590314
1.3494977010468416 0.48196346465958634 0.48196346465958634
1.3663327349288756 0.4879759767603128 0.4879759767603128
1.376502868626327 0.4916081673665454 0.4916081673665454
1.347360283650543 0.48120010130376534 0.48120010130376534
1.5146798313686056 0.5409570826316449 0.5409570826316449
1.316760953207564 0.4702717690027014 0.4702717690027014
1.5374572668199276 0.549091881007117 0.549091881007117
1.3844713378167055 0.494454049220252 0.494454049220252
1.338971453597671 0.47820409057059676 0.47820409057059676
1.5204668653068147 0.5430238804667196 0.5430238804667196
1.4938561923398515 0.5335200686928041 0.5335200686928041
1.2718548685608067 0.4542338816288596 0.4542338816288596
1.461998614818053 0.522142362435019 0.522142362435019
1.2524338866939109 0.44729781667639673 0.44729781667639673
1.3347420107615846 0.4766935752719945 0.4766935752719945
1.338720538887514 0.47811447817411223 0.47811447817411223
1.4257367918454273 0.5091917113733669 0.5091917113733669
1.275539867664434 0.45554995273729787 0.45554995273729787
1.32471196922986 0.47311141758209285 0.47311141758209285
1.3947457682150373 0.49812348864822764 0.49812348864822764
1.197227945960055 0.4275814092714482 0.4275814092714482
1.3945385580045935 0.49804948500164054 0.49804948500164054
1.1759793062951185 0.41999260939111377 0.41999260939111377
1.3504616627168289 0.48230773668458177 0.48230773668458177
1.4494733032342288 0.5176690368693675 0.5176690368693675
1.5277707270828265 0.5456324025295809 0.5456324025295809
1.4706176393113313 0.5252205854683326 0.5252205854683326
1.4159782448656912 0.5057065160234612 0.5057065160234612
1.5080552947126342 0.5385911766830837 0.5385911766830837
1.3620975351383828 0.4864634054065653 0.4864634054065653
1.3713575539828358 0.48977055499386996 0.48977055499386996
1.3382899887077377 0.47796071025276354 0.47796071025276354
1.3451400401565718 0.4804071571987757 0.4804071571987757
1.5355295713068793 0.5484034183238855 0.5484034183238855
1.197018149916891 0.42750648211317543 0.42750648211317543
1.5435816103025746 0.5512791465366338 0.5512791465366338
1.4624257142600645 0.522294897950023 0.522294897950023
1.5490446505314337 0.5532302323326549 0.5532302323326549
1.4029846387543146 0.5010659424122552 0.5010659424122552
1.2727095072001307 0.45453910971433237 0.45453910971433237
1.687810441359135 0.6027894433425482 0.6027894433425482
1.393804094747821 0.49778717669565037 0.49778717669565037
1.4819207785115263 0.5292574208969737 0.5292574208969737
1.44449162434371 0.5158898658370393 0.5158898658370393
1.5013172334431883 0.5361847262297101 0.5361847262297101
1.3950236906421791 0.49822274665792116 0.49822274665792116
1.3916582774696835 0.49702081338202986 0.49702081338202986
1.360028452154592 0.48572444719806857 0.48572444719806857
1.2253844221158798 0.4376372936128143 0.4376372936128143
1.4905146125190911 0.5323266473282469 0.5323266473282469
1.341602196194075 0.4791436414978839 0.4791436414978839
1.3633740482704135 0.48691930295371916 0.48691930295371916
1.1517802935476558 0.4113501048384485 0.4113501048384485
1.2840851996783895 0.4586018570279963 0.4586018570279963
1.2758324940099812 0.45565446214642186 0.45565446214642186
1.2890651783336895 0.46038042083346054 0.46038042083346054
1.4033519719141374 0.5011971328264777 0.5011971328264777
1.5692094663338487 0.5604319522620889 0.5604319522620889
1.5382290802172147 0.5493675286490053 0.5493675286490053
1.3242295929676695 0.47293914034559625 0.47293914034559625
1.5808643588390743 0.564594413871098 0.564594413871098
1.3466592810312041 0.4809497432254301 0.4809497432254301
1.5062860064091197 0.5379592880032571 0.5379592880032571
1.5357592318496545 0.5484854399463052 0.5484854399463052
1.417610749918835 0.5062895535424411 0.5062895535424411
1.5606881604441705 0.5573886287300609 0.5573886287300609
1.3802320916900834 0.49294003274645837 0.49294003274645837
1.3447267495799278 0.4802595534214028 0.4802595534214028
1.4907343443156378 0.5324051229698706 0.5324051229698706
1.373705023241133 0.49060893687183327 0.49060893687183327
1.1971294050131052 0.427546216076109 0.427546216076109
1.5619903086020965 0.5578536816436059 0.5578536816436059
1.4301806160143768 0.5107787914337061 0.5107787914337061
1.4706431269069156 0.5252296881810413 0.5252296881810413
1.37276645861518 0.4902737352197072 0.4902737352197072
1.5112956905012185 0.5397484608932923 0.5397484608932923
1.4356814151414286 0.5127433625505102 0.5127433625505102
1.2396454340050587 0.4427305121446638 0.4427305121446638
1.4210769766682 0.5075274916672143 0.5075274916672143
1.6001591579020795 0.571485413536457 0.571485413536457
1.3738029221114565 0.49064390075409164 0.49064390075409164
1.4266595713280683 0.5095212754743101 0.5095212754743101
1.3191523480119243 0.4711258385756873 0.4711258385756873
1.2033649020617128 0.42977317930775455 0.42977317930775455
1.2596674132483605 0.4498812190172716 0.4498812190172716
1.475213538267687 0.5268619779527454 0.5268619779527454
1.256463672870817 0.4487370260252918 0.4487370260252918
1.4124071137706506 0.5044311120609467 0.5044311120609467
1.3368648372760148 0.47745172759857674 0.47745172759857674
1.429670137749661 0.5105964777677361 0.5105964777677361
1.5152923692567457 0.5411758461631235 0.5411758461631235
1.351794134546812 0.48278361948100434 0.48278361948100434
1.2537228951262729 0.44775817683081176 0.44775817683081176
1.595454665030512 0.5698052375108972 0.5698052375108972
1.4032306834020332 0.5011538155007261 0.5011538155007261
1.3651214247933154 0.48754336599761267 0.48754336599761267
1.11347236421456 0.39766870150520006 0.39766870150520006
1.459327733293952 0.5211884761764115 0.5211884761764115
1.3742379408169962 0.4907992645774987 0.4907992645774987
1.33290998446669 0.47603928016667507 0.47603928016667507
1.3138750812394313 0.4692411004426541 0.4692411004426541
1.4544329190929672 0.5194403282474883 0.5194403282474883
1.455831480786378 0.5199398145665636 0.5199398145665636
1.4202415894266827 0.5072291390809581 0.5072291390809581
1.403630124763322 0.5012964731297579 0.5012964731297579
1.460741171643855 0.5216932755870911 0.5216932755870911
1.292144554582463 0.4614801980651654 0.4614801980651654
1.3770364768022862 0.4917987417151023 0.4917987417151023
1.3879741900144964 0.49570506786232016 0.49570506786232016
1.398950097952742 0.49962503498312216 0.49962503498312216
1.1743267198450156 0.41940239994464845 0.41940239994464845
1.452865866971872 0.5188806667756686 0.5188806667756686
1.432481185015286 0.5116004232197451 0.5116004232197451
1.2825990167412071 0.458071077407574 0.458071077407574
1.377019334866808 0.49179261959528864 0.49179261959528864
1.3758418672477832 0.4913720954456369 0.4913720954456369
1.4838778401440302 0.5299563714800108 0.5299563714800108
1.3863134769514138 0.4951119560540764 0.4951119560540764
1.459016337519187 0.5210772633997096 0.5210772633997096
1.38629707142066 0.49510609693595 0.49510609693595
1.294718645874556 0.46239951638377 0.46239951638377
1.383645285376535 0.4941590304916197 0.4941590304916197
1.2208540501449594 0.43601930362319985 0.43601930362319985
1.3591893877599988 0.4854247813428567 0.4854247813428567
1.2936547273433516 0.4620195454797685 0.4620195454797685
1.468747206537486 0.5245525737633879 0.5245525737633879
1.3689545611848442 0.4889123432803015 0.4889123432803015
1.3169725362974936 0.470347334391962 0.470347334391962
1.4404826650372655 0.5144580946561663 0.5144580946561663
1.398437079524436 0.4994418141158701 0.4994418141158701
1.402061291877062 0.5007361756703793 0.5007361756703793
1.3979243049997165 0.4992586803570417 0.4992586803570417
1.603096863500044 0.5725345941071586 0.5725345941071586
1.343559340275805 0.47984262152707324 0.47984262152707324
1.3874086930867748 0.49550310467384817 0.49550310467384817
1.3130560584085833 0.4689485922887798 0.4689485922887798
1.4483242351525667 0.517258655411631 0.517258655411631
1.374271315814131 0.49081118421933256 0.49081118421933256
1.378964318159356 0.4924872564854843 0.4924872564854843
1.4025681126927037 0.500917183104537 0.500917183104537
1.4004377725010764 0.500156347321813 0.500156347321813
1.3703357515357335 0.4894056255484763 0.4894056255484763
1.509528339894357 0.5391172642479847 0.5391172642479847
1.553198714728219 0.5547138266886497 0.5547138266886497
1.389677684068013 0.4963134585957189 0.4963134585957189
1.2423453826521897 0.4436947795186392 0.4436947795186392
1.3597262625084103 0.48561652232443225 0.48561652232443225
1.413571923707242 0.5048471156097293 0.5048471156097293
1.5020928022177713 0.5364617150777755 0.5364617150777755
1.5120894543385328 0.5400319479780474 0.5400319479780474
1.4144216499854345 0.5051505892805124 0.5051505892805124
1.5233485825302646 0.5440530651893802 0.5440530651893802
1.4263664114598824 0.5094165755213866 0.5094165755213866
1.5272512228321438 0.5454468652971942 0.5454468652971942
1.2609926668053988 0.45035452385907104 0.45035452385907104
1.3763592542832144 0.49155687652971947 0.49155687652971947
1.4405805661160456 0.5144930593271592 0.5144930593271592
1.2965159374264434 0.4630414062237298 0.4630414062237298
1.4202469158796263 0.5072310413855808 0.5072310413855808
1.3720526912294695 0.4900188182962391 0.4900188182962391
1.3841421499318876 0.49433648211853126 0.49433648211853126
1.545200262187679 0.5518572364955997 0.5518572364955997
1.3552717791950104 0.48402563542678945 0.48402563542678945
1.3509547147959697 0.4824838267128464 0.4824838267128464
1.540055493285142 0.5500198190304079 0.5500198190304079
1.32378373071948 0.4727799038283857 0.4727799038283857
1.4257606521028576 0.5092002328938777 0.5092002328938777
1.1997415588269922 0.4284791281524972 0.4284791281524972
1.3469046871714743 0.48103738827552656 0.48103738827552656
1.3452447489239145 0.4804445531871124 0.4804445531871124
1.596951790210841 0.5703399250753004 0.5703399250753004
1.3951882811260115 0.4982815289735755 0.4982815289735755
1.3530931141124474 0.4832475407544455 0.4832475407544455
1.475218181647595 0.5268636363027126 0.5268636363027126
1.5176055445247643 0.5420019801874159 0.5420019801874159
1.1843698136803387 0.4229892191715495 0.4229892191715495
1.39639808753974 0.4987136026927643 0.4987136026927643
1.2640749020798305 0.4514553221713681 0.4514553221713681
1.2817054969893868 0.4577519632104953 0.4577519632104953
1.4133454337536862 0.5047662263406022 0.5047662263406022
1.3536447609469378 0.4834445574810492 0.4834445574810492
1.3771161452390843 0.49182719472824443 0.49182719472824443
1.392500804201104 0.4973217157861086 0.4973217157861086
1.3935751972573742 0.4977054275919194 0.4977054275919194
1.6294386947027297 0.5819423909652607 0.5819423909652607
1.5096861106287143 0.5391736109388265 0.5391736109388265
1.6612491541101366 0.5933032693250488 0.5933032693250488
1.1729120225160343 0.4188971508985837 0.4188971508985837
1.2232116853235815 0.4368613161869934 0.4368613161869934
1.3364857718599223 0.47731634709282944 0.47731634709282944
1.3027096390611614 0.46525344252184336 0.46525344252184336
1.436100471740406 0.5128930256215736 0.5128930256215736
1.501331526331761 0.5361898308327718 0.5361898308327718
1.3681603891266902 0.4886287104023894 0.4886287104023894
1.4384623561290368 0.5137365557603704 0.5137365557603704
1.437177884420491 0.5132778158644611 0.5132778158644611
1.2429496276415148 0.44391058130054106 0.44391058130054106
1.2992349098307858 0.46401246779670924 0.46401246779670924
1.2852008641915895 0.4590003086398534 0.4590003086398534
1.3957031733993235 0.498465419071187 0.498465419071187
1.3538566090681252 0.4835202175243305 0.4835202175243305
1.3149373750895101 0.46962049110339654 0.46962049110339654
1.2711462718505153 0.4539808113751841 0.4539808113751841
1.3440305301028654 0.4800109036081663 0.4800109036081663
1.2835970212562078 0.4584275075915028 0.4584275075915028
1.2164653295939791 0.43445190342642115 0.43445190342642115
1.2038142023006435 0.42993364367880127 0.42993364367880127
1.3431280039954612 0.47968857285552186 0.47968857285552186
1.3718021685028892 0.489929345893889 0.489929345893889
1.3918809420677534 0.4971003364527691 0.4971003364527691
1.4262410052787042 0.5093717875995373 0.5093717875995373
1.5182309305395139 0.5422253323355407 0.5422253323355407
1.2667504962449074 0.45241089151603836 0.45241089151603836
1.3772547622440632 0.4918767008014512 0.4918767008014512
1.5319988901618913 0.547142460772104 0.547142460772104
1.3467627089608938 0.4809866817717478 0.4809866817717478
1.4716629021014245 0.5255938936076516 0.5255938936076516
1.3805422162763157 0.4930507915272556 0.4930507915272556
1.2926203058097183 0.46165010921775657 0.46165010921775657
1.1618664661756901 0.4149523093484608 0.4149523093484608
1.5401183893527879 0.55004228191171 0.55004228191171
1.268399695929937 0.452999891403549 0.452999891403549
1.2641313664550347 0.45147548801965526 0.45147548801965526
1.4845366216734377 0.5301916505976564 0.5301916505976564
1.3232608074739192 0.4725931455263997 0.4725931455263997
1.4227545980611436 0.5081266421646942 0.5081266421646942
1.245185411579841 0.44470907556422895 0.44470907556422895
1.4515962840234866 0.5184272442941024 0.5184272442941024
1.5628478541696382 0.5581599479177279 0.5581599479177279
1.3410462034374517 0.47894507265623276 0.47894507265623276
1.32666738174536 0.47380977919477146 0.47380977919477146
1.3125711523015688 0.4687754115362746 0.4687754115362746
1.4714487598576091 0.5255174142348604 0.5255174142348604
1.3906864310845808 0.49667372538735033 0.49667372538735033
1.351113337374519 0.4825404776337568 0.4825404776337568
1.3419016166566897 0.4792505773773892 0.4792505773773892
1.4577731255222501 0.5206332591150894 0.5206332591150894
1.3986689364516416 0.4995246201613006 0.4995246201613006
1.276289151495099 0.4558175541053925 0.4558175541053925
1.4401695717806948 0.5143462756359625 0.5143462756359625
1.435767282714276 0.5127740295408129 0.5127740295408129
1.2947906210952778 0.46242522181974205 0.46242522181974205
1.306291382335009 0.4665326365482176 0.4665326365482176
1.3396345052745555 0.4784408947409127 0.4784408947409127
1.4952358888583583 0.5340128174494138 0.5340128174494138
1.347346699759816 0.48119524991422 0.48119524991422
1.5047225964104247 0.5374009272894374 0.5374009272894374
1.3257668158417244 0.47348814851490156 0.47348814851490156
1.3031924972930458 0.4654258918903735 0.4654258918903735
1.6799385187549256 0.5999780424124734 0.5999780424124734
1.5496646495606712 0.5534516605573826 0.5534516605573826
1.3119798854729832 0.4685642448117797 0.4685642448117797
1.5490167269622797 0.5532202596293856 0.5532202596293856
1.2770286865117721 0.45608167375420433 0.45608167375420433
1.3707365038962933 0.48954875139153337 0.48954875139153337
1.3770189787412044 0.49179249240757306 0.49179249240757306
1.4860332331420614 0.5307261546935934 0.5307261546935934
1.4943510993215965 0.5336968211862845 0.5336968211862845
1.381658792570544 0.4934495687751943 0.4934495687751943
1.5975386632328274 0.5705495225831527 0.5705495225831527
1.3999701574253287 0.4999893419376174 0.4999893419376174
1.5051590995823363 0.5375568212794058 0.5375568212794058
1.7715393834036508 0.6326926369298753 0.6326926369298753
1.3038524848184412 0.46566160172087184 0.46566160172087184
1.4554436557942678 0.51980130564081 0.51980130564081
1.3724774060106095 0.49017050214664626 0.49017050214664626
1.6206720594019504 0.5788114497864109 0.5788114497864109
1.2780467913296274 0.4564452826177241 0.4564452826177241
1.5248102632366034 0.5445750940130727 0.5445750940130727
1.2919934987607378 0.4614262495574064 0.4614262495574064
1.431475097506757 0.5112411062524133 0.5112411062524133
1.2689794328594801 0.45320694030695724 0.45320694030695724
1.4892235401206628 0.5318655500430939 0.5318655500430939
1.4034916009867653 0.5012470003524162 0.5012470003524162
1.4442223270979033 0.5157936882492512 0.5157936882492512
1.3956163879557686 0.4984344242699174 0.4984344242699174
1.3508857340475027 0.482459190731251 0.482459190731251
1.5985953580981134 0.5709269136064691 0.5709269136064691
1.402234010627517 0.500797860938399 0.500797860938399
1.562594876507692 0.5580695987527472 0.5580695987527472
1.6406830374525738 0.5859582276616335 0.5859582276616335
1.457492558278948 0.5205330565281957 0.5205330565281957
1.3775163657531369 0.4919701306261203 0.4919701306261203
1.5699209028497663 0.5606860367320594 0.5606860367320594
1.36627859673654 0.4879566416916215 0.4879566416916215
1.5458570179466815 0.5520917921238149 0.5520917921238149
1.3085717393686647 0.4673470497745231 0.4673470497745231
1.3876085576042896 0.4955744848586749 0.4955744848586749
1.3382556557439111 0.4779484484799683 0.4779484484799683
1.463011319819957 0.5225040427928418 0.5225040427928418
1.4930613058150268 0.5332361806482239 0.5332361806482239
1.3066490704570994 0.46666038230610696 0.46666038230610696
1.519548240313946 0.5426958001121236 0.5426958001121236
1.4888869519047923 0.5317453399659973 0.5317453399659973
1.4693495683889544 0.5247677029960551 0.5247677029960551
1.2923208006222167 0.4615431430793631 0.4615431430793631
1.3627282305067299 0.48668865375240355 0.48668865375240355
1.5915175037223779 0.5683991084722778 0.5683991084722778
1.3877690666416076 0.49563180951485986 0.49563180951485986
1.4341911153863334 0.5122111126379763 0.5122111126379763
1.2958152466113717 0.46279115950406136 0.46279115950406136
1.4910611922627088 0.5325218543795389 0.5325218543795389
1.3827570922196306 0.4938418186498681 0.4938418186498681
1.397123466325593 0.49897266654485467 0.49897266654485467
1.5458088238914185 0.5520745799612209 0.5520745799612209
1.4687688900798808 0.5245603178856717 0.5245603178856717
1.2530324604241283 0.4475115930086173 0.4475115930086173
1.4644480523358505 0.5230171615485181 0.5230171615485181
1.2480266435579834 0.4457238012707084 0.4457238012707084
1.4515645423485533 0.5184159079816262 0.5184159079816262
1.3862129047177132 0.4950760373991833 0.4950760373991833
1.4295918958282516 0.5105685342243756 0.5105685342243756
1.2589075017890277 0.4496098220675099 0.4496098220675099
1.5113278302107054 0.5397599393609662 0.5397599393609662
1.396276218986608 0.4986700782095029 0.4986700782095029
1.6769433084166498 0.5989083244345178 0.5989083244345178
1.384451162423699 0.4944468437227497 0.4944468437227497
1.4823518652403298 0.529411380442975 0.529411380442975
1.4081211282302943 0.5029004029393909 0.5029004029393909
1.5358813112343774 0.5485290397265634 0.5485290397265634
1.2776956671119652 0.4563198811114162 0.4563198811114162
1.288715302765418 0.4602554652733636 0.4602554652733636
1.4788429531579494 0.5281581975564106 0.5281581975564106
1.6470714921545397 0.5882398186266213 0.5882398186266213
